3.8900000e+00  0.0000000e+00
3.9000000e+00  3.0000000e-22
3.9100000e+00  6.0000000e-22
3.9200000e+00  9.0000000e-22
3.9300000e+00  1.2000000e-21
3.9400000e+00  1.5000000e-21
3.9500000e+00  1.8000000e-21
3.9600000e+00  2.1000000e-21
3.9700000e+00  2.4000000e-21
3.9800000e+00  2.7000000e-21
3.9900000e+00  3.0000000e-21
4.0000000e+00  3.3000000e-21
4.0100000e+00  3.5600000e-21
4.0200000e+00  3.8200000e-21
4.0300000e+00  4.0800000e-21
4.0400000e+00  4.3400000e-21
4.0500000e+00  4.6000000e-21
4.0600000e+00  4.8600000e-21
4.0700000e+00  5.1200000e-21
4.0800000e+00  5.3800000e-21
4.0900000e+00  5.6400000e-21
4.1000000e+00  5.9000000e-21
4.1100000e+00  6.1600000e-21
4.1200000e+00  6.4200000e-21
4.1300000e+00  6.6800000e-21
4.1400000e+00  6.9400000e-21
4.1500000e+00  7.2000000e-21
4.1600000e+00  7.4600000e-21
4.1700000e+00  7.7200000e-21
4.1800000e+00  7.9800000e-21
4.1900000e+00  8.2400000e-21
4.2000000e+00  8.5000000e-21
4.2100000e+00  8.7600000e-21
4.2200000e+00  9.0200000e-21
4.2300000e+00  9.2800000e-21
4.2400000e+00  9.5400000e-21
4.2500000e+00  9.8000000e-21
4.2600000e+00  1.0060000e-20
4.2700000e+00  1.0320000e-20
4.2800000e+00  1.0580000e-20
4.2900000e+00  1.0840000e-20
4.3000000e+00  1.1100000e-20
4.3100000e+00  1.1360000e-20
4.3200000e+00  1.1620000e-20
4.3300000e+00  1.1880000e-20
4.3400000e+00  1.2140000e-20
4.3500000e+00  1.2400000e-20
4.3600000e+00  1.2660000e-20
4.3700000e+00  1.2920000e-20
4.3800000e+00  1.3180000e-20
4.3900000e+00  1.3440000e-20
4.4000000e+00  1.3700000e-20
4.4100000e+00  1.3960000e-20
4.4200000e+00  1.4220000e-20
4.4300000e+00  1.4480000e-20
4.4400000e+00  1.4740000e-20
4.4500000e+00  1.5000000e-20
4.4600000e+00  1.5260000e-20
4.4700000e+00  1.5520000e-20
4.4800000e+00  1.5780000e-20
4.4900000e+00  1.6040000e-20
4.5000000e+00  1.6300000e-20
4.5100000e+00  1.6506000e-20
4.5200000e+00  1.6712000e-20
4.5300000e+00  1.6918000e-20
4.5400000e+00  1.7124000e-20
4.5500000e+00  1.7330000e-20
4.5600000e+00  1.7536000e-20
4.5700000e+00  1.7742000e-20
4.5800000e+00  1.7948000e-20
4.5900000e+00  1.8154000e-20
4.6000000e+00  1.8360000e-20
4.6100000e+00  1.8566000e-20
4.6200000e+00  1.8772000e-20
4.6300000e+00  1.8978000e-20
4.6400000e+00  1.9184000e-20
4.6500000e+00  1.9390000e-20
4.6600000e+00  1.9596000e-20
4.6700000e+00  1.9802000e-20
4.6800000e+00  2.0008000e-20
4.6900000e+00  2.0214000e-20
4.7000000e+00  2.0420000e-20
4.7100000e+00  2.0626000e-20
4.7200000e+00  2.0832000e-20
4.7300000e+00  2.1038000e-20
4.7400000e+00  2.1244000e-20
4.7500000e+00  2.1450000e-20
4.7600000e+00  2.1656000e-20
4.7700000e+00  2.1862000e-20
4.7800000e+00  2.2068000e-20
4.7900000e+00  2.2274000e-20
4.8000000e+00  2.2480000e-20
4.8100000e+00  2.2686000e-20
4.8200000e+00  2.2892000e-20
4.8300000e+00  2.3098000e-20
4.8400000e+00  2.3304000e-20
4.8500000e+00  2.3510000e-20
4.8600000e+00  2.3716000e-20
4.8700000e+00  2.3922000e-20
4.8800000e+00  2.4128000e-20
4.8900000e+00  2.4334000e-20
4.9000000e+00  2.4540000e-20
4.9100000e+00  2.4746000e-20
4.9200000e+00  2.4952000e-20
4.9300000e+00  2.5158000e-20
4.9400000e+00  2.5364000e-20
4.9500000e+00  2.5570000e-20
4.9600000e+00  2.5776000e-20
4.9700000e+00  2.5982000e-20
4.9800000e+00  2.6188000e-20
4.9900000e+00  2.6394000e-20
5.0000000e+00  2.6600000e-20
5.0100000e+00  2.6724800e-20
5.0200000e+00  2.6849600e-20
5.0300000e+00  2.6974400e-20
5.0400000e+00  2.7099200e-20
5.0500000e+00  2.7224000e-20
5.0600000e+00  2.7348800e-20
5.0700000e+00  2.7473600e-20
5.0800000e+00  2.7598400e-20
5.0900000e+00  2.7723200e-20
5.1000000e+00  2.7848000e-20
5.1100000e+00  2.7972800e-20
5.1200000e+00  2.8097600e-20
5.1300000e+00  2.8222400e-20
5.1400000e+00  2.8347200e-20
5.1500000e+00  2.8472000e-20
5.1600000e+00  2.8596800e-20
5.1700000e+00  2.8721600e-20
5.1800000e+00  2.8846400e-20
5.1900000e+00  2.8971200e-20
5.2000000e+00  2.9096000e-20
5.2100000e+00  2.9220800e-20
5.2200000e+00  2.9345600e-20
5.2300000e+00  2.9470400e-20
5.2400000e+00  2.9595200e-20
5.2500000e+00  2.9720000e-20
5.2600000e+00  2.9844800e-20
5.2700000e+00  2.9969600e-20
5.2800000e+00  3.0094400e-20
5.2900000e+00  3.0219200e-20
5.3000000e+00  3.0344000e-20
5.3100000e+00  3.0468800e-20
5.3200000e+00  3.0593600e-20
5.3300000e+00  3.0718400e-20
5.3400000e+00  3.0843200e-20
5.3500000e+00  3.0968000e-20
5.3600000e+00  3.1092800e-20
5.3700000e+00  3.1217600e-20
5.3800000e+00  3.1342400e-20
5.3900000e+00  3.1467200e-20
5.4000000e+00  3.1592000e-20
5.4100000e+00  3.1716800e-20
5.4200000e+00  3.1841600e-20
5.4300000e+00  3.1966400e-20
5.4400000e+00  3.2091200e-20
5.4500000e+00  3.2216000e-20
5.4600000e+00  3.2340800e-20
5.4700000e+00  3.2465600e-20
5.4800000e+00  3.2590400e-20
5.4900000e+00  3.2715200e-20
5.5000000e+00  3.2840000e-20
5.5100000e+00  3.2964800e-20
5.5200000e+00  3.3089600e-20
5.5300000e+00  3.3214400e-20
5.5400000e+00  3.3339200e-20
5.5500000e+00  3.3464000e-20
5.5600000e+00  3.3588800e-20
5.5700000e+00  3.3713600e-20
5.5800000e+00  3.3838400e-20
5.5900000e+00  3.3963200e-20
5.6000000e+00  3.4088000e-20
5.6100000e+00  3.4212800e-20
5.6200000e+00  3.4337600e-20
5.6300000e+00  3.4462400e-20
5.6400000e+00  3.4587200e-20
5.6500000e+00  3.4712000e-20
5.6600000e+00  3.4836800e-20
5.6700000e+00  3.4961600e-20
5.6800000e+00  3.5086400e-20
5.6900000e+00  3.5211200e-20
5.7000000e+00  3.5336000e-20
5.7100000e+00  3.5460800e-20
5.7200000e+00  3.5585600e-20
5.7300000e+00  3.5710400e-20
5.7400000e+00  3.5835200e-20
5.7500000e+00  3.5960000e-20
5.7600000e+00  3.6084800e-20
5.7700000e+00  3.6209600e-20
5.7800000e+00  3.6334400e-20
5.7900000e+00  3.6459200e-20
5.8000000e+00  3.6584000e-20
5.8100000e+00  3.6708800e-20
5.8200000e+00  3.6833600e-20
5.8300000e+00  3.6958400e-20
5.8400000e+00  3.7083200e-20
5.8500000e+00  3.7208000e-20
5.8600000e+00  3.7332800e-20
5.8700000e+00  3.7457600e-20
5.8800000e+00  3.7582400e-20
5.8900000e+00  3.7707200e-20
5.9000000e+00  3.7832000e-20
5.9100000e+00  3.7956800e-20
5.9200000e+00  3.8081600e-20
5.9300000e+00  3.8206400e-20
5.9400000e+00  3.8331200e-20
5.9500000e+00  3.8456000e-20
5.9600000e+00  3.8580800e-20
5.9700000e+00  3.8705600e-20
5.9800000e+00  3.8830400e-20
5.9900000e+00  3.8955200e-20
6.0000000e+00  3.9080000e-20
6.0100000e+00  3.9204800e-20
6.0200000e+00  3.9329600e-20
6.0300000e+00  3.9454400e-20
6.0400000e+00  3.9579200e-20
6.0500000e+00  3.9704000e-20
6.0600000e+00  3.9828800e-20
6.0700000e+00  3.9953600e-20
6.0800000e+00  4.0078400e-20
6.0900000e+00  4.0203200e-20
6.1000000e+00  4.0328000e-20
6.1100000e+00  4.0452800e-20
6.1200000e+00  4.0577600e-20
6.1300000e+00  4.0702400e-20
6.1400000e+00  4.0827200e-20
6.1500000e+00  4.0952000e-20
6.1600000e+00  4.1076800e-20
6.1700000e+00  4.1201600e-20
6.1800000e+00  4.1326400e-20
6.1900000e+00  4.1451200e-20
6.2000000e+00  4.1576000e-20
6.2100000e+00  4.1700800e-20
6.2200000e+00  4.1825600e-20
6.2300000e+00  4.1950400e-20
6.2400000e+00  4.2075200e-20
6.2500000e+00  4.2200000e-20
6.2600000e+00  4.2324800e-20
6.2700000e+00  4.2449600e-20
6.2800000e+00  4.2574400e-20
6.2900000e+00  4.2699200e-20
6.3000000e+00  4.2824000e-20
6.3100000e+00  4.2948800e-20
6.3200000e+00  4.3073600e-20
6.3300000e+00  4.3198400e-20
6.3400000e+00  4.3323200e-20
6.3500000e+00  4.3448000e-20
6.3600000e+00  4.3572800e-20
6.3700000e+00  4.3697600e-20
6.3800000e+00  4.3822400e-20
6.3900000e+00  4.3947200e-20
6.4000000e+00  4.4072000e-20
6.4100000e+00  4.4196800e-20
6.4200000e+00  4.4321600e-20
6.4300000e+00  4.4446400e-20
6.4400000e+00  4.4571200e-20
6.4500000e+00  4.4696000e-20
6.4600000e+00  4.4820800e-20
6.4700000e+00  4.4945600e-20
6.4800000e+00  4.5070400e-20
6.4900000e+00  4.5195200e-20
6.5000000e+00  4.5320000e-20
6.5100000e+00  4.5444800e-20
6.5200000e+00  4.5569600e-20
6.5300000e+00  4.5694400e-20
6.5400000e+00  4.5819200e-20
6.5500000e+00  4.5944000e-20
6.5600000e+00  4.6068800e-20
6.5700000e+00  4.6193600e-20
6.5800000e+00  4.6318400e-20
6.5900000e+00  4.6443200e-20
6.6000000e+00  4.6568000e-20
6.6100000e+00  4.6692800e-20
6.6200000e+00  4.6817600e-20
6.6300000e+00  4.6942400e-20
6.6400000e+00  4.7067200e-20
6.6500000e+00  4.7192000e-20
6.6600000e+00  4.7316800e-20
6.6700000e+00  4.7441600e-20
6.6800000e+00  4.7566400e-20
6.6900000e+00  4.7691200e-20
6.7000000e+00  4.7816000e-20
6.7100000e+00  4.7940800e-20
6.7200000e+00  4.8065600e-20
6.7300000e+00  4.8190400e-20
6.7400000e+00  4.8315200e-20
6.7500000e+00  4.8440000e-20
6.7600000e+00  4.8564800e-20
6.7700000e+00  4.8689600e-20
6.7800000e+00  4.8814400e-20
6.7900000e+00  4.8939200e-20
6.8000000e+00  4.9064000e-20
6.8100000e+00  4.9188800e-20
6.8200000e+00  4.9313600e-20
6.8300000e+00  4.9438400e-20
6.8400000e+00  4.9563200e-20
6.8500000e+00  4.9688000e-20
6.8600000e+00  4.9812800e-20
6.8700000e+00  4.9937600e-20
6.8800000e+00  5.0062400e-20
6.8900000e+00  5.0187200e-20
6.9000000e+00  5.0312000e-20
6.9100000e+00  5.0436800e-20
6.9200000e+00  5.0561600e-20
6.9300000e+00  5.0686400e-20
6.9400000e+00  5.0811200e-20
6.9500000e+00  5.0936000e-20
6.9600000e+00  5.1060800e-20
6.9700000e+00  5.1185600e-20
6.9800000e+00  5.1310400e-20
6.9900000e+00  5.1435200e-20
7.0000000e+00  5.1560000e-20
7.0100000e+00  5.1684800e-20
7.0200000e+00  5.1809600e-20
7.0300000e+00  5.1934400e-20
7.0400000e+00  5.2059200e-20
7.0500000e+00  5.2184000e-20
7.0600000e+00  5.2308800e-20
7.0700000e+00  5.2433600e-20
7.0800000e+00  5.2558400e-20
7.0900000e+00  5.2683200e-20
7.1000000e+00  5.2808000e-20
7.1100000e+00  5.2932800e-20
7.1200000e+00  5.3057600e-20
7.1300000e+00  5.3182400e-20
7.1400000e+00  5.3307200e-20
7.1500000e+00  5.3432000e-20
7.1600000e+00  5.3556800e-20
7.1700000e+00  5.3681600e-20
7.1800000e+00  5.3806400e-20
7.1900000e+00  5.3931200e-20
7.2000000e+00  5.4056000e-20
7.2100000e+00  5.4180800e-20
7.2200000e+00  5.4305600e-20
7.2300000e+00  5.4430400e-20
7.2400000e+00  5.4555200e-20
7.2500000e+00  5.4680000e-20
7.2600000e+00  5.4804800e-20
7.2700000e+00  5.4929600e-20
7.2800000e+00  5.5054400e-20
7.2900000e+00  5.5179200e-20
7.3000000e+00  5.5304000e-20
7.3100000e+00  5.5428800e-20
7.3200000e+00  5.5553600e-20
7.3300000e+00  5.5678400e-20
7.3400000e+00  5.5803200e-20
7.3500000e+00  5.5928000e-20
7.3600000e+00  5.6052800e-20
7.3700000e+00  5.6177600e-20
7.3800000e+00  5.6302400e-20
7.3900000e+00  5.6427200e-20
7.4000000e+00  5.6552000e-20
7.4100000e+00  5.6676800e-20
7.4200000e+00  5.6801600e-20
7.4300000e+00  5.6926400e-20
7.4400000e+00  5.7051200e-20
7.4500000e+00  5.7176000e-20
7.4600000e+00  5.7300800e-20
7.4700000e+00  5.7425600e-20
7.4800000e+00  5.7550400e-20
7.4900000e+00  5.7675200e-20
7.5000000e+00  5.7800000e-20
7.5100000e+00  5.7862000e-20
7.5200000e+00  5.7924000e-20
7.5300000e+00  5.7986000e-20
7.5400000e+00  5.8048000e-20
7.5500000e+00  5.8110000e-20
7.5600000e+00  5.8172000e-20
7.5700000e+00  5.8234000e-20
7.5800000e+00  5.8296000e-20
7.5900000e+00  5.8358000e-20
7.6000000e+00  5.8420000e-20
7.6100000e+00  5.8482000e-20
7.6200000e+00  5.8544000e-20
7.6300000e+00  5.8606000e-20
7.6400000e+00  5.8668000e-20
7.6500000e+00  5.8730000e-20
7.6600000e+00  5.8792000e-20
7.6700000e+00  5.8854000e-20
7.6800000e+00  5.8916000e-20
7.6900000e+00  5.8978000e-20
7.7000000e+00  5.9040000e-20
7.7100000e+00  5.9102000e-20
7.7200000e+00  5.9164000e-20
7.7300000e+00  5.9226000e-20
7.7400000e+00  5.9288000e-20
7.7500000e+00  5.9350000e-20
7.7600000e+00  5.9412000e-20
7.7700000e+00  5.9474000e-20
7.7800000e+00  5.9536000e-20
7.7900000e+00  5.9598000e-20
7.8000000e+00  5.9660000e-20
7.8100000e+00  5.9722000e-20
7.8200000e+00  5.9784000e-20
7.8300000e+00  5.9846000e-20
7.8400000e+00  5.9908000e-20
7.8500000e+00  5.9970000e-20
7.8600000e+00  6.0032000e-20
7.8700000e+00  6.0094000e-20
7.8800000e+00  6.0156000e-20
7.8900000e+00  6.0218000e-20
7.9000000e+00  6.0280000e-20
7.9100000e+00  6.0342000e-20
7.9200000e+00  6.0404000e-20
7.9300000e+00  6.0466000e-20
7.9400000e+00  6.0528000e-20
7.9500000e+00  6.0590000e-20
7.9600000e+00  6.0652000e-20
7.9700000e+00  6.0714000e-20
7.9800000e+00  6.0776000e-20
7.9900000e+00  6.0838000e-20
8.0000000e+00  6.0900000e-20
8.0100000e+00  6.0962000e-20
8.0200000e+00  6.1024000e-20
8.0300000e+00  6.1086000e-20
8.0400000e+00  6.1148000e-20
8.0500000e+00  6.1210000e-20
8.0600000e+00  6.1272000e-20
8.0700000e+00  6.1334000e-20
8.0800000e+00  6.1396000e-20
8.0900000e+00  6.1458000e-20
8.1000000e+00  6.1520000e-20
8.1100000e+00  6.1582000e-20
8.1200000e+00  6.1644000e-20
8.1300000e+00  6.1706000e-20
8.1400000e+00  6.1768000e-20
8.1500000e+00  6.1830000e-20
8.1600000e+00  6.1892000e-20
8.1700000e+00  6.1954000e-20
8.1800000e+00  6.2016000e-20
8.1900000e+00  6.2078000e-20
8.2000000e+00  6.2140000e-20
8.2100000e+00  6.2202000e-20
8.2200000e+00  6.2264000e-20
8.2300000e+00  6.2326000e-20
8.2400000e+00  6.2388000e-20
8.2500000e+00  6.2450000e-20
8.2600000e+00  6.2512000e-20
8.2700000e+00  6.2574000e-20
8.2800000e+00  6.2636000e-20
8.2900000e+00  6.2698000e-20
8.3000000e+00  6.2760000e-20
8.3100000e+00  6.2822000e-20
8.3200000e+00  6.2884000e-20
8.3300000e+00  6.2946000e-20
8.3400000e+00  6.3008000e-20
8.3500000e+00  6.3070000e-20
8.3600000e+00  6.3132000e-20
8.3700000e+00  6.3194000e-20
8.3800000e+00  6.3256000e-20
8.3900000e+00  6.3318000e-20
8.4000000e+00  6.3380000e-20
8.4100000e+00  6.3442000e-20
8.4200000e+00  6.3504000e-20
8.4300000e+00  6.3566000e-20
8.4400000e+00  6.3628000e-20
8.4500000e+00  6.3690000e-20
8.4600000e+00  6.3752000e-20
8.4700000e+00  6.3814000e-20
8.4800000e+00  6.3876000e-20
8.4900000e+00  6.3938000e-20
8.5000000e+00  6.4000000e-20
8.5100000e+00  6.4062000e-20
8.5200000e+00  6.4124000e-20
8.5300000e+00  6.4186000e-20
8.5400000e+00  6.4248000e-20
8.5500000e+00  6.4310000e-20
8.5600000e+00  6.4372000e-20
8.5700000e+00  6.4434000e-20
8.5800000e+00  6.4496000e-20
8.5900000e+00  6.4558000e-20
8.6000000e+00  6.4620000e-20
8.6100000e+00  6.4682000e-20
8.6200000e+00  6.4744000e-20
8.6300000e+00  6.4806000e-20
8.6400000e+00  6.4868000e-20
8.6500000e+00  6.4930000e-20
8.6600000e+00  6.4992000e-20
8.6700000e+00  6.5054000e-20
8.6800000e+00  6.5116000e-20
8.6900000e+00  6.5178000e-20
8.7000000e+00  6.5240000e-20
8.7100000e+00  6.5302000e-20
8.7200000e+00  6.5364000e-20
8.7300000e+00  6.5426000e-20
8.7400000e+00  6.5488000e-20
8.7500000e+00  6.5550000e-20
8.7600000e+00  6.5612000e-20
8.7700000e+00  6.5674000e-20
8.7800000e+00  6.5736000e-20
8.7900000e+00  6.5798000e-20
8.8000000e+00  6.5860000e-20
8.8100000e+00  6.5922000e-20
8.8200000e+00  6.5984000e-20
8.8300000e+00  6.6046000e-20
8.8400000e+00  6.6108000e-20
8.8500000e+00  6.6170000e-20
8.8600000e+00  6.6232000e-20
8.8700000e+00  6.6294000e-20
8.8800000e+00  6.6356000e-20
8.8900000e+00  6.6418000e-20
8.9000000e+00  6.6480000e-20
8.9100000e+00  6.6542000e-20
8.9200000e+00  6.6604000e-20
8.9300000e+00  6.6666000e-20
8.9400000e+00  6.6728000e-20
8.9500000e+00  6.6790000e-20
8.9600000e+00  6.6852000e-20
8.9700000e+00  6.6914000e-20
8.9800000e+00  6.6976000e-20
8.9900000e+00  6.7038000e-20
9.0000000e+00  6.7100000e-20
9.0100000e+00  6.7162000e-20
9.0200000e+00  6.7224000e-20
9.0300000e+00  6.7286000e-20
9.0400000e+00  6.7348000e-20
9.0500000e+00  6.7410000e-20
9.0600000e+00  6.7472000e-20
9.0700000e+00  6.7534000e-20
9.0800000e+00  6.7596000e-20
9.0900000e+00  6.7658000e-20
9.1000000e+00  6.7720000e-20
9.1100000e+00  6.7782000e-20
9.1200000e+00  6.7844000e-20
9.1300000e+00  6.7906000e-20
9.1400000e+00  6.7968000e-20
9.1500000e+00  6.8030000e-20
9.1600000e+00  6.8092000e-20
9.1700000e+00  6.8154000e-20
9.1800000e+00  6.8216000e-20
9.1900000e+00  6.8278000e-20
9.2000000e+00  6.8340000e-20
9.2100000e+00  6.8402000e-20
9.2200000e+00  6.8464000e-20
9.2300000e+00  6.8526000e-20
9.2400000e+00  6.8588000e-20
9.2500000e+00  6.8650000e-20
9.2600000e+00  6.8712000e-20
9.2700000e+00  6.8774000e-20
9.2800000e+00  6.8836000e-20
9.2900000e+00  6.8898000e-20
9.3000000e+00  6.8960000e-20
9.3100000e+00  6.9022000e-20
9.3200000e+00  6.9084000e-20
9.3300000e+00  6.9146000e-20
9.3400000e+00  6.9208000e-20
9.3500000e+00  6.9270000e-20
9.3600000e+00  6.9332000e-20
9.3700000e+00  6.9394000e-20
9.3800000e+00  6.9456000e-20
9.3900000e+00  6.9518000e-20
9.4000000e+00  6.9580000e-20
9.4100000e+00  6.9642000e-20
9.4200000e+00  6.9704000e-20
9.4300000e+00  6.9766000e-20
9.4400000e+00  6.9828000e-20
9.4500000e+00  6.9890000e-20
9.4600000e+00  6.9952000e-20
9.4700000e+00  7.0014000e-20
9.4800000e+00  7.0076000e-20
9.4900000e+00  7.0138000e-20
9.5000000e+00  7.0200000e-20
9.5100000e+00  7.0262000e-20
9.5200000e+00  7.0324000e-20
9.5300000e+00  7.0386000e-20
9.5400000e+00  7.0448000e-20
9.5500000e+00  7.0510000e-20
9.5600000e+00  7.0572000e-20
9.5700000e+00  7.0634000e-20
9.5800000e+00  7.0696000e-20
9.5900000e+00  7.0758000e-20
9.6000000e+00  7.0820000e-20
9.6100000e+00  7.0882000e-20
9.6200000e+00  7.0944000e-20
9.6300000e+00  7.1006000e-20
9.6400000e+00  7.1068000e-20
9.6500000e+00  7.1130000e-20
9.6600000e+00  7.1192000e-20
9.6700000e+00  7.1254000e-20
9.6800000e+00  7.1316000e-20
9.6900000e+00  7.1378000e-20
9.7000000e+00  7.1440000e-20
9.7100000e+00  7.1502000e-20
9.7200000e+00  7.1564000e-20
9.7300000e+00  7.1626000e-20
9.7400000e+00  7.1688000e-20
9.7500000e+00  7.1750000e-20
9.7600000e+00  7.1812000e-20
9.7700000e+00  7.1874000e-20
9.7800000e+00  7.1936000e-20
9.7900000e+00  7.1998000e-20
9.8000000e+00  7.2060000e-20
9.8100000e+00  7.2122000e-20
9.8200000e+00  7.2184000e-20
9.8300000e+00  7.2246000e-20
9.8400000e+00  7.2308000e-20
9.8500000e+00  7.2370000e-20
9.8600000e+00  7.2432000e-20
9.8700000e+00  7.2494000e-20
9.8800000e+00  7.2556000e-20
9.8900000e+00  7.2618000e-20
9.9000000e+00  7.2680000e-20
9.9100000e+00  7.2742000e-20
9.9200000e+00  7.2804000e-20
9.9300000e+00  7.2866000e-20
9.9400000e+00  7.2928000e-20
9.9500000e+00  7.2990000e-20
9.9600000e+00  7.3052000e-20
9.9700000e+00  7.3114000e-20
9.9800000e+00  7.3176000e-20
9.9900000e+00  7.3238000e-20
1.0000000e+01  7.3300000e-20
