1.366666666666666607e+01 0.000000000000000000e+00
3.476680026720106298e+02 1.276824068699382172e-21
6.816693386773547445e+02 3.790603877126700788e-21
1.015670674682698746e+03 6.266484467169776901e-21
1.349672010688042747e+03 7.964434833403165482e-21
1.683673346693386748e+03 8.838203440547954929e-21
2.017674682698730976e+03 9.147676432784652243e-21
2.351676018704074522e+03 9.147476316556323087e-21
2.685677354709418978e+03 9.004496666482662847e-21
3.019678690714762524e+03 8.812314514215649258e-21
3.353680026720106980e+03 8.619279469725258631e-21
3.687681362725450981e+03 8.448714220633511486e-21
4.021682698730794982e+03 8.310721530528737288e-21
4.355684034736139438e+03 8.208598732114734433e-21
4.689685370741482984e+03 8.142228902708967767e-21
5.023686706746826530e+03 8.109855345996273432e-21
5.357688042752170986e+03 8.109004057886438061e-21
5.691689378757514532e+03 8.136957945794526056e-21
6.025690714762858988e+03 8.190994775642239002e-21
6.359692050768202535e+03 8.268500560359642941e-21
6.693693386773546990e+03 8.367017676201108762e-21
7.027694722778891446e+03 8.484259371028161463e-21
7.361696058784234992e+03 8.618107628182971371e-21
7.695697394789579448e+03 8.766603447234654280e-21
8.029698730794923904e+03 8.927934319960488524e-21
8.363700066800267450e+03 9.100421347280508363e-21
8.697701402805610996e+03 9.282507172616350726e-21
9.031702738810954543e+03 9.472745220805952042e-21
9.365704074816298089e+03 9.669790368245053440e-21
9.699705410821643454e+03 9.872390985397846373e-21
1.003370674682698700e+04 1.007938220713170197e-20
1.036770808283233055e+04 1.028968025462887173e-20
1.070170941883767591e+04 1.050227762969861283e-20
1.103571075484301764e+04 1.071623901398494688e-20
1.136971209084836300e+04 1.093069772391489833e-20
1.170371342685370655e+04 1.114485259288318277e-20
1.203771476285905010e+04 1.135796517276470155e-20
1.237171609886439546e+04 1.156935716617184994e-20
1.270571743486973901e+04 1.177840801836229201e-20
1.303971877087508255e+04 1.198455261314637631e-20
1.337372010688042792e+04 1.218727903052922929e-20
1.370772144288577147e+04 1.238612633524295645e-20
1.404172277889111501e+04 1.258068237492119680e-20
1.437572411489646038e+04 1.277058157460693402e-20
1.470972545090180392e+04 1.295550272073481741e-20
1.504372678690714747e+04 1.313516673286117867e-20
1.537772812291249284e+04 1.330933442538869801e-20
1.571172945891783638e+04 1.347780426450202435e-20
1.604573079492317993e+04 1.364041012763739871e-20
1.637973213092852529e+04 1.379701907418502477e-20
1.671373346693386702e+04 1.394752913688858245e-20
1.704773480293921239e+04 1.409186714367069421e-20
1.738173613894455775e+04 1.422998657947567352e-20
1.771573747494989948e+04 1.436186549726856739e-20
1.804973881095524121e+04 1.448750448663999419e-20
1.838374014696058657e+04 1.460692470760683681e-20
1.871774148296593194e+04 1.472016599622684599e-20
1.905174281897127366e+04 1.482728504760965452e-20
1.938574415497661903e+04 1.492835368084769102e-20
1.971974549098196439e+04 1.502345718934083237e-20
2.005374682698730612e+04 1.511269277897462245e-20
2.038774816299265149e+04 1.519616809565227255e-20
2.072174949899799685e+04 1.527399984279145060e-20
2.105575083500333858e+04 1.534631248858632393e-20
2.138975217100868394e+04 1.541323706211020749e-20
2.172375350701402931e+04 1.547491003669762273e-20
2.205775484301937104e+04 1.553147229849461067e-20
2.239175617902471640e+04 1.558306819760367327e-20
2.272575751503005813e+04 1.562984467886801829e-20
2.305975885103540350e+04 1.567195048903583866e-20
2.339376018704074522e+04 1.570953545681300240e-20
2.372776152304609423e+04 1.574274984214469976e-20
2.406176285905143595e+04 1.577174375095806494e-20
2.439576419505678132e+04 1.579666661154059852e-20
2.472976553106212305e+04 1.581766670871794746e-20
2.506376686706746841e+04 1.583489077202238950e-20
2.539776820307281014e+04 1.584848361410424075e-20
2.573176953907815914e+04 1.585858781572759661e-20
2.606577087508350087e+04 1.586534345380287307e-20
2.639977221108884623e+04 1.586888786903848954e-20
2.673377354709418796e+04 1.586935546993716981e-20
2.706777488309953333e+04 1.586687757001602117e-20
2.740177621910487505e+04 1.586158225528996048e-20
2.773577755511022406e+04 1.585359427922261764e-20
2.806977889111556578e+04 1.584303498251519625e-20
2.840378022712091115e+04 1.583002223526950941e-20
2.873778156312625288e+04 1.581467039922532039e-20
2.907178289913159460e+04 1.579709030793238226e-20
2.940578423513693997e+04 1.577738926287338444e-20
2.973978557114228170e+04 1.575567104370397172e-20
3.007378690714763070e+04 1.573203593092039811e-20
3.040778824315297243e+04 1.570658073940236225e-20
3.074178957915831779e+04 1.567939886140922194e-20
3.107579091516365952e+04 1.565058031773087587e-20
3.140979225116900489e+04 1.562021181581043650e-20
3.174379358717434661e+04 1.558837681376475644e-20
3.207779492317969562e+04 1.555515558933009041e-20
3.241179625918503734e+04 1.552062531285497853e-20
3.274579759519038271e+04 1.548486012355017508e-20
3.307979893119572080e+04 1.544793120828649835e-20
3.341380026720106980e+04 1.540990688230687730e-20
3.374780160320641153e+04 1.537085267128744889e-20
3.408180293921176053e+04 1.533083139424639871e-20
3.441580427521710226e+04 1.528990324685704219e-20
3.474980561122244399e+04 1.524812588477485983e-20
3.508380694722778571e+04 1.520555450663656156e-20
3.541780828323313472e+04 1.516224193643324495e-20
3.575180961923847644e+04 1.511823870499969606e-20
3.608581095524381817e+04 1.507359313039794764e-20
3.641981229124916717e+04 1.502835139700608882e-20
3.675381362725450890e+04 1.498255763315233569e-20
3.708781496325985063e+04 1.493625398716128994e-20
3.742181629926519236e+04 1.488948070170263173e-20
3.775581763527054136e+04 1.484227618635390073e-20
3.808981897127588309e+04 1.479467708830781217e-20
3.842382030728123209e+04 1.474671836117143371e-20
3.875782164328657382e+04 1.469843333181929739e-20
3.909182297929191554e+04 1.464985376527582783e-20
3.942582431529725727e+04 1.460100992761388805e-20
3.975982565130260627e+04 1.455193064686642163e-20
4.009382698730794800e+04 1.450264337195702609e-20
4.042782832331329701e+04 1.445317422966294517e-20
4.076182965931863873e+04 1.440354807963044932e-20
4.109583099532398046e+04 1.435378856746845414e-20
4.142983233132932219e+04 1.430391817595089665e-20
4.176383366733467119e+04 1.425395827436232555e-20
4.209783500334001292e+04 1.420392916602479061e-20
4.243183633934536192e+04 1.415385013404665342e-20
4.276583767535070365e+04 1.410373948533618344e-20
4.309983901135604538e+04 1.405361459292468696e-20
4.343384034736138710e+04 1.400349193664494623e-20
4.376784168336672883e+04 1.395338714221204538e-20
4.410184301937207056e+04 1.390331501875387402e-20
4.443584435537742684e+04 1.385328959483923381e-20
4.476984569138276856e+04 1.380332415305138060e-20
4.510384702738811029e+04 1.375343126315471071e-20
4.543784836339345202e+04 1.370362281390190021e-20
4.577184969939880102e+04 1.365391004352854702e-20
4.610585103540414275e+04 1.360430356898133656e-20
4.643985237140948448e+04 1.355481341392533626e-20
4.677385370741482620e+04 1.350544903557496220e-20
4.710785504342017521e+04 1.345621935039241770e-20
4.744185637942551693e+04 1.340713275869611721e-20
4.777585771543085866e+04 1.335819716822087922e-20
4.810985905143620039e+04 1.330942001667030867e-20
4.844386038744155667e+04 1.326080829330088333e-20
4.877786172344689840e+04 1.321236855957592301e-20
4.911186305945224012e+04 1.316410696892660276e-20
4.944586439545758185e+04 1.311602928565591821e-20
4.977986573146293085e+04 1.306814090302046097e-20
5.011386706746827258e+04 1.302044686052349100e-20
5.044786840347361431e+04 1.297295186045191906e-20
5.078186973947895603e+04 1.292566028368841876e-20
5.111587107548429776e+04 1.287857620482898505e-20
5.144987241148964677e+04 1.283170340663499366e-20
5.178387374749498849e+04 1.278504539384777623e-20
5.211787508350033022e+04 1.273860540639276290e-20
5.245187641950567195e+04 1.269238643199912926e-20
5.278587775551102823e+04 1.264639121825983119e-20
5.311987909151636995e+04 1.260062228415610639e-20
5.345388042752171168e+04 1.255508193106936550e-20
5.378788176352705341e+04 1.250977225330266625e-20
5.412188309953240241e+04 1.246469514813292728e-20
5.445588443553774414e+04 1.241985232541426181e-20
5.478988577154308587e+04 1.237524531675190720e-20
5.512388710754842759e+04 1.233087548426555830e-20
5.545788844355377660e+04 1.228674402895989832e-20
5.579188977955911832e+04 1.224285199871964413e-20
5.612589111556446005e+04 1.219920029594545972e-20
5.645989245156980178e+04 1.215578968484659227e-20
5.679389378757515806e+04 1.211262079840525754e-20
5.712789512358049979e+04 1.206969414502725357e-20
5.746189645958584151e+04 1.202701011489260490e-20
5.779589779559118324e+04 1.198456898601957114e-20
5.812989913159652497e+04 1.194237093005451597e-20
5.846390046760187397e+04 1.190041601779992196e-20
5.879790180360721570e+04 1.185870422449200434e-20
5.913190313961255742e+04 1.181723543483912580e-20
5.946590447561789915e+04 1.177600944783148452e-20
5.979990581162324816e+04 1.173502598133237770e-20
6.013390714762858988e+04 1.169428467646054079e-20
6.046790848363393161e+04 1.165378510177297544e-20
6.080190981963927334e+04 1.161352675725705770e-20
6.113591115564462962e+04 1.157350907814043972e-20
6.146991249164997134e+04 1.153373143852673455e-20
6.180391382765531307e+04 1.149419315486489535e-20
6.213791516366065480e+04 1.145489348925948124e-20
6.247191649966600380e+04 1.141583165262903490e-20
6.280591783567134553e+04 1.137700680771927676e-20
6.313991917167668726e+04 1.133841807197749073e-20
6.347392050768202898e+04 1.130006452029438486e-20
6.380792184368737799e+04 1.126194518761930414e-20
6.414192317969271971e+04 1.122405907145429319e-20
6.447592451569806144e+04 1.118640513423257765e-20
6.480992585170340317e+04 1.114898230558648956e-20
6.514392718770874490e+04 1.111178948450975715e-20
6.547792852371410117e+04 1.107482554141892087e-20
6.581192985971944290e+04 1.103808932011825141e-20
6.614593119572478463e+04 1.100157963967257063e-20
6.647993253173012636e+04 1.096529529619201984e-20
6.681393386773546808e+04 1.092923506453263943e-20
6.714793520374080981e+04 1.089339769991660252e-20
6.748193653974615154e+04 1.085778193947558456e-20
6.781593787575149327e+04 1.082238650372074284e-20
6.814993921175684955e+04 1.078721009794253511e-20
6.848394054776219127e+04 1.075225141354351267e-20
6.881794188376753300e+04 1.071750912930705237e-20
6.915194321977287473e+04 1.068298191260488004e-20
6.948594455577823101e+04 1.064866842054612695e-20
6.981994589178357273e+04 1.061456730107050720e-20
7.015394722778891446e+04 1.058067719398802951e-20
7.048794856379425619e+04 1.054699673196780576e-20
7.082194989979959792e+04 1.051352454147796497e-20
7.115595123580493964e+04 1.048025924367911478e-20
7.148995257181028137e+04 1.044719945527317555e-20
7.182395390781562310e+04 1.041434378930977921e-20
7.215795524382096482e+04 1.038169085595197087e-20
7.249195657982632110e+04 1.034923926320313005e-20
7.282595791583166283e+04 1.031698761759674544e-20
7.315995925183700456e+04 1.028493452485081736e-20
7.349396058784234629e+04 1.025307859048834122e-20
7.382796192384770256e+04 1.022141842042548949e-20
7.416196325985304429e+04 1.018995262152886905e-20
7.449596459585838602e+04 1.015867980214329520e-20
7.482996593186372775e+04 1.012759857259131615e-20
7.516396726786906947e+04 1.009670754564585437e-20
7.549796860387441120e+04 1.006600533697708844e-20
7.583196993987975293e+04 1.003549056557480808e-20
7.616597127588509466e+04 1.000516185414724405e-20
7.649997261189045093e+04 9.975017829497549947e-21
7.683397394789579266e+04 9.945057122878833745e-21
7.716797528390113439e+04 9.915278370328792709e-21
7.750197661990647612e+04 9.885680212984798508e-21
7.783597795591183240e+04 9.856261297380413704e-21
7.816997929191717412e+04 9.827020275724036193e-21
7.850398062792251585e+04 9.797955806160672207e-21
7.883798196392785758e+04 9.769066553017405113e-21
7.917198329993319931e+04 9.740351187033477839e-21
7.950598463593854103e+04 9.711808385575547138e-21
7.983998597194388276e+04 9.683436832838928227e-21
8.017398730794922449e+04 9.655235220035333832e-21
8.050798864395456621e+04 9.627202245567829878e-21
8.084198997995992249e+04 9.599336615193564533e-21
8.117599131596526422e+04 9.571637042174807758e-21
8.150999265197060595e+04 9.544102247418900212e-21
8.184399398797594768e+04 9.516730959607558380e-21
8.217799532398130395e+04 9.489521915316133274e-21
8.251199665998664568e+04 9.462473859123144687e-21
8.284599799599198741e+04 9.435585543710701892e-21
8.317999933199732914e+04 9.408855729956135773e-21
8.351400066800267086e+04 9.382283187015338932e-21
8.384800200400801259e+04 9.355866692398072558e-21
8.418200334001335432e+04 9.329605032035808817e-21
8.451600467601869605e+04 9.303497000342322410e-21
8.485000601202405232e+04 9.277541400267446589e-21
8.518400734802939405e+04 9.251737043344278002e-21
8.551800868403473578e+04 9.226082749730227586e-21
8.585201002004007751e+04 9.200577348242102589e-21
8.618601135604541923e+04 9.175219676385665078e-21
8.652001269205077551e+04 9.150008580379760229e-21
8.685401402805611724e+04 9.124942915175459772e-21
8.718801536406145897e+04 9.100021544470330424e-21
8.752201670006680069e+04 9.075243340718162840e-21
8.785601803607214242e+04 9.050607185134353690e-21
8.819001937207748415e+04 9.026111967697177072e-21
8.852402070808284043e+04 9.001756587145137859e-21
8.885802204408818216e+04 8.977539950970626670e-21
8.919202338009352388e+04 8.953460975410069033e-21
8.952602471609886561e+04 8.929518585430756839e-21
8.986002605210420734e+04 8.905711714714541139e-21
9.019402738810954907e+04 8.882039305638520174e-21
9.052802872411489079e+04 8.858500309252945351e-21
9.086203006012023252e+04 8.835093685256462514e-21
9.119603139612558880e+04 8.811818401968840468e-21
9.153003273213093053e+04 8.788673436301326710e-21
9.186403406813627225e+04 8.765657773724776295e-21
9.219803540414161398e+04 8.742770408235677231e-21
9.253203674014695571e+04 8.720010342320225862e-21
9.286603807615229744e+04 8.697376586916462788e-21
9.320003941215763916e+04 8.674868161374752181e-21
9.353404074816298089e+04 8.652484093416565376e-21
9.386804208416832262e+04 8.630223419091753820e-21
9.420204342017369345e+04 8.608085182734356497e-21
9.453604475617903518e+04 8.586068436917096828e-21
9.487004609218437690e+04 8.564172242404593103e-21
9.520404742818971863e+04 8.542395668105425396e-21
9.553804876419506036e+04 8.520737791023099584e-21
9.587205010020040208e+04 8.499197696206009279e-21
9.620605143620574381e+04 8.477774476696454355e-21
9.654005277221108554e+04 8.456467233478819892e-21
9.687405410821644182e+04 8.435275075426926064e-21
9.720805544422178355e+04 8.414197119250669351e-21
9.754205678022712527e+04 8.393232489441992676e-21
9.787605811623246700e+04 8.372380318220247682e-21
9.821005945223780873e+04 8.351639745476980718e-21
9.854406078824315045e+04 8.331009918720249401e-21
9.887806212424849218e+04 8.310489993018474226e-21
9.921206346025383391e+04 8.290079130943891460e-21
9.954606479625919019e+04 8.269776502515638905e-21
9.988006613226453192e+04 8.249581285142557282e-21
1.002140674682698736e+05 8.229492663565701219e-21
1.005480688042752154e+05 8.209509829800633582e-21
1.008820701402805571e+05 8.189631983079519675e-21
1.012160714762858988e+05 8.169858329793060458e-21
1.015500728122912406e+05 8.150188083432332469e-21
1.018840741482965823e+05 8.130620464530531454e-21
1.022180754843019240e+05 8.111154700604609165e-21
1.025520768203072948e+05 8.091790026096968841e-21
1.028860781563126366e+05 8.072525682317091476e-21
1.032200794923179783e+05 8.053360917383231299e-21
1.035540808283233200e+05 8.034294986164118773e-21
1.038880821643286617e+05 8.015327150220803537e-21
1.042220835003340035e+05 7.996456677748516895e-21
1.045560848363393452e+05 7.977682843518750978e-21
1.048900861723446869e+05 7.959004928821361981e-21
1.052240875083500432e+05 7.940422221406948746e-21
1.055580888443553849e+05 7.921934015429312597e-21
1.058920901803607267e+05 7.903539611388184994e-21
1.062260915163660684e+05 7.885238316072108671e-21
1.065600928523714101e+05 7.867029442501591097e-21
1.068940941883767518e+05 7.848912309872453554e-21
1.072280955243820936e+05 7.830886243499484141e-21
1.075620968603874353e+05 7.812950574760305947e-21
1.078960981963927770e+05 7.795104641039555171e-21
1.082300995323981333e+05 7.777347785673333094e-21
1.085641008684034750e+05 7.759679357893993576e-21
1.088981022044088168e+05 7.742098712775162271e-21
1.092321035404141585e+05 7.724605211177169616e-21
1.095661048764195002e+05 7.707198219692724559e-21
1.099001062124248419e+05 7.689877110593000560e-21
1.102341075484301837e+05 7.672641261773996933e-21
1.105681088844355254e+05 7.655490056703286888e-21
1.109021102204408962e+05 7.638422884367119152e-21
1.112361115564462380e+05 7.621439139217876197e-21
1.115701128924515797e+05 7.604538221121890563e-21
1.119041142284569214e+05 7.587719535307638851e-21
1.122381155644622631e+05 7.570982492314311864e-21
1.125721169004676049e+05 7.554326507940788002e-21
1.129061182364729466e+05 7.537751003194937669e-21
1.132401195724782883e+05 7.521255404243373048e-21
1.135741209084836446e+05 7.504839142361536430e-21
1.139081222444889863e+05 7.488501653884241422e-21
1.142421235804943281e+05 7.472242380156542181e-21
1.145761249164996698e+05 7.456060767485043493e-21
1.149101262525050115e+05 7.439956267089605070e-21
1.152441275885103532e+05 7.423928335055450597e-21
1.155781289245156950e+05 7.407976432285636380e-21
1.159121302605210367e+05 7.392100024453996966e-21
1.162461315965263784e+05 7.376298581958409746e-21
1.165801329325317347e+05 7.360571579874554578e-21
1.169141342685370764e+05 7.344918497909987884e-21
1.172481356045424182e+05 7.329338820358690702e-21
1.175821369405477599e+05 7.313832036055976344e-21
1.179161382765531016e+05 7.298397638333841928e-21
1.182501396125584433e+05 7.283035124976676501e-21
1.185841409485637851e+05 7.267743998177408516e-21
1.189181422845691268e+05 7.252523764494050532e-21
1.192521436205744976e+05 7.237373934806629107e-21
1.195861449565798393e+05 7.222294024274531460e-21
1.199201462925851811e+05 7.207283552294238837e-21
1.202541476285905228e+05 7.192342042457457095e-21
1.205881489645958645e+05 7.177469022509677609e-21
1.209221503006012063e+05 7.162664024309063183e-21
1.212561516366065480e+05 7.147926583785804907e-21
1.215901529726118897e+05 7.133256240901807030e-21
1.219241543086172314e+05 7.118652539610815696e-21
1.222581556446225877e+05 7.104115027818881705e-21
1.225921569806279294e+05 7.089643257345238560e-21
1.229261583166332712e+05 7.075236783883577733e-21
1.232601596526386129e+05 7.060895166963671501e-21
1.235941609886439546e+05 7.046617969913393003e-21
1.239281623246492964e+05 7.032404759821107950e-21
1.242621636606546381e+05 7.018255107498448501e-21
1.245961649966599798e+05 7.004168587443454273e-21
1.249301663326653361e+05 6.990144777804069956e-21
1.252641676686706778e+05 6.976183260342035624e-21
1.255981690046760195e+05 6.962283620397117106e-21
1.259321703406813613e+05 6.948445446851712506e-21
1.262661716766867030e+05 6.934668332095810811e-21
1.266001730126920447e+05 6.920951871992311612e-21
1.269341743486973864e+05 6.907295665842693896e-21
1.272681756847027282e+05 6.893699316353039934e-21
1.276021770207080990e+05 6.880162429600403730e-21
1.279361783567134407e+05 6.866684614999527039e-21
1.282701796927187825e+05 6.853265485269893928e-21
1.286041810287241242e+05 6.839904656403134412e-21
1.289381823647294659e+05 6.826601747630759109e-21
1.292721837007348076e+05 6.813356381392218894e-21
1.296061850367401494e+05 6.800168183303312126e-21
1.299401863727454911e+05 6.787036782124915372e-21
1.302741877087508328e+05 6.773961809732030097e-21
1.306081890447561891e+05 6.760942901083161133e-21
1.309421903807615308e+05 6.747979694190018642e-21
1.312761917167668580e+05 6.735071830087524763e-21
1.316101930527721997e+05 6.722218952804145268e-21
1.319441943887775415e+05 6.709420709332506337e-21
1.322781957247828832e+05 6.696676749600379974e-21
1.326121970607882249e+05 6.683986726441907902e-21
1.329461983967935666e+05 6.671350295569157990e-21
1.332801997327989375e+05 6.658767115543976334e-21
1.336142010688042792e+05 6.646236847750147786e-21
1.339482024048096209e+05 6.633759156365836352e-21
1.342822037408149627e+05 6.621333708336313721e-21
1.346162050768203044e+05 6.608960173346980445e-21
1.349502064128256461e+05 6.596638223796683541e-21
1.352842077488309878e+05 6.584367534771302653e-21
1.356182090848363296e+05 6.572147784017622865e-21
1.359522104208416713e+05 6.559978651917472315e-21
1.362862117568470421e+05 6.547859821462153972e-21
1.366202130928523839e+05 6.535790978227136962e-21
1.369542144288577256e+05 6.523771810347004432e-21
1.372882157648630673e+05 6.511802008490708355e-21
1.376222171008684090e+05 6.499881265837022205e-21
1.379562184368737508e+05 6.488009278050326147e-21
1.382902197728790925e+05 6.476185743256589336e-21
1.386242211088844342e+05 6.464410362019651638e-21
1.389582224448897759e+05 6.452682837317724277e-21
1.392922237808951177e+05 6.441002874520170339e-21
1.396262251169004594e+05 6.429370181364498189e-21
1.399602264529058011e+05 6.417784467933633238e-21
1.402942277889111429e+05 6.406245446633410894e-21
1.406282291249164846e+05 6.394752832170319283e-21
1.409622304609218263e+05 6.383306341529466155e-21
1.412962317969271680e+05 6.371905693952791056e-21
1.416302331329325389e+05 6.360550610917507696e-21
1.419642344689378806e+05 6.349240816114779544e-21
1.422982358049432223e+05 6.337976035428609828e-21
1.426322371409485640e+05 6.326755996914960999e-21
1.429662384769539058e+05 6.315580430781098372e-21
1.433002398129592475e+05 6.304449069365170763e-21
1.436342411489645892e+05 6.293361647115965647e-21
1.439682424849699310e+05 6.282317900572920119e-21
1.443022438209752727e+05 6.271317568346320675e-21
1.446362451569806435e+05 6.260360391097730197e-21
1.449702464929859852e+05 6.249446111520598504e-21
1.453042478289913270e+05 6.238574474321121164e-21
1.456382491649966687e+05 6.227745226199228462e-21
1.459722505010020104e+05 6.216958115829882062e-21
1.463062518370073522e+05 6.206212893844455171e-21
1.466402531730126939e+05 6.195509312812391075e-21
1.469742545090180356e+05 6.184847127223021148e-21
1.473082558450233773e+05 6.174226093467593523e-21
1.476422571810287191e+05 6.163645969821468772e-21
1.479762585170340608e+05 6.153106516426526232e-21
1.483102598530394025e+05 6.142607495273734342e-21
1.486442611890447442e+05 6.132148670185945921e-21
1.489782625250500860e+05 6.121729806800801021e-21
1.493122638610554277e+05 6.111350672553904383e-21
1.496462651970607694e+05 6.101011036662098436e-21
1.499802665330661112e+05 6.090710670106965749e-21
1.503142678690714820e+05 6.080449345618471415e-21
1.506482692050768237e+05 6.070226837658803299e-21
1.509822705410821654e+05 6.060042922406361987e-21
1.513162718770875072e+05 6.049897377739936570e-21
1.516502732130928489e+05 6.039789983223031631e-21
1.519842745490981906e+05 6.029720520088366522e-21
1.523182758851035323e+05 6.019688771222539391e-21
1.526522772211088741e+05 6.009694521150842432e-21
1.529862785571142449e+05 5.999737556022250915e-21
1.533202798931195866e+05 5.989817663594552897e-21
1.536542812291249284e+05 5.979934633219643698e-21
1.539882825651302701e+05 5.970088255828982119e-21
1.543222839011356118e+05 5.960278323919173803e-21
1.546562852371409535e+05 5.950504631537731390e-21
1.549902865731462953e+05 5.940766974268973100e-21
1.553242879091516370e+05 5.931065149220055225e-21
1.556582892451569787e+05 5.921398955007177659e-21
1.559922905811623204e+05 5.911768191741909791e-21
1.563262919171676622e+05 5.902172661017658595e-21
1.566602932531730039e+05 5.892612165896304477e-21
1.569942945891783456e+05 5.883086510894938694e-21
1.573282959251836874e+05 5.873595501972757999e-21
1.576622972611890291e+05 5.864138946518101479e-21
1.579962985971943708e+05 5.854716653335599486e-21
1.583302999331997125e+05 5.845328432633488080e-21
1.586643012692050834e+05 5.835974096011009231e-21
1.589983026052104251e+05 5.826653456445990077e-21
1.593323039412157668e+05 5.817366328282510955e-21
1.596663052772211086e+05 5.808112527218725397e-21
1.600003066132264503e+05 5.798891870294791471e-21
1.603343079492317920e+05 5.789704175880936282e-21
1.606683092852371337e+05 5.780549263665632568e-21
1.610023106212424755e+05 5.771426954643912216e-21
1.613363119572478463e+05 5.762337071105778334e-21
1.616703132932531880e+05 5.753279436624758756e-21
1.620043146292585297e+05 5.744253876046557351e-21
1.623383159652638715e+05 5.735260215477835480e-21
1.626723173012692132e+05 5.726298282275097272e-21
1.630063186372745549e+05 5.717367905033696029e-21
1.633403199732798967e+05 5.708468913576948957e-21
1.636743213092852384e+05 5.699601138945361737e-21
1.640083226452905801e+05 5.690764413385966704e-21
1.643423239812959218e+05 5.681958570341766334e-21
1.646763253173012636e+05 5.673183444441279816e-21
1.650103266533066053e+05 5.664438871488203962e-21
1.653443279893119470e+05 5.655724688451176443e-21
1.656783293253172887e+05 5.647040733453639828e-21
1.660123306613226305e+05 5.638386845763793643e-21
1.663463319973279722e+05 5.629762865784695398e-21
1.666803333333333139e+05 5.621168635044401479e-21
1.670143346693386848e+05 5.612603996186244208e-21
1.673483360053440265e+05 5.604068792959193920e-21
1.676823373413493682e+05 5.595562870208327869e-21
1.680163386773547099e+05 5.587086073865382633e-21
1.683503400133600517e+05 5.578638250939416370e-21
1.686843413493653934e+05 5.570219249507531246e-21
1.690183426853707351e+05 5.561828918705743328e-21
1.693523440213760769e+05 5.553467108719888582e-21
1.696863453573814477e+05 5.545133670776651499e-21
1.700203466933867894e+05 5.536828457134685505e-21
1.703543480293921311e+05 5.528551321075787539e-21
1.706883493653974729e+05 5.520302116896211808e-21
1.710223507014028146e+05 5.512080699898028679e-21
1.713563520374081563e+05 5.503886926380568586e-21
1.716903533734134980e+05 5.495720653631994582e-21
1.720243547094188398e+05 5.487581739920913258e-21
1.723583560454241815e+05 5.479470044488078952e-21
1.726923573814295232e+05 5.471385427538192747e-21
1.730263587174348650e+05 5.463327750231775197e-21
1.733603600534402067e+05 5.455296874677111274e-21
1.736943613894455484e+05 5.447292663922297637e-21
1.740283627254508901e+05 5.439314981947323742e-21
1.743623640614562319e+05 5.431363693656293648e-21
1.746963653974615736e+05 5.423438664869660608e-21
1.750303667334669153e+05 5.415539762316584282e-21
1.753643680694722862e+05 5.407666853627339869e-21
1.756983694054775988e+05 5.399819807325800960e-21
1.760323707414829696e+05 5.391998492822009663e-21
1.763663720774882822e+05 5.384202780404812174e-21
1.767003734134936531e+05 5.376432541234548524e-21
1.770343747494990239e+05 5.368687647335852153e-21
1.773683760855043365e+05 5.360967971590476580e-21
1.777023774215097073e+05 5.353273387730229641e-21
1.780363787575150200e+05 5.345603770329944601e-21
1.783703800935203908e+05 5.337958994800539283e-21
1.787043814295257034e+05 5.330338937382129362e-21
1.790383827655310743e+05 5.322743475137229681e-21
1.793723841015363869e+05 5.315172485943989427e-21
1.797063854375417577e+05 5.307625848489516070e-21
1.800403867735470994e+05 5.300103442263265513e-21
1.803743881095524412e+05 5.292605147550465344e-21
1.807083894455577829e+05 5.285130845425647170e-21
1.810423907815631246e+05 5.277680417746193247e-21
1.813763921175684663e+05 5.270253747145985426e-21
1.817103934535738081e+05 5.262850717029097732e-21
1.820443947895791498e+05 5.255471211563525057e-21
1.823783961255845206e+05 5.248115115675024692e-21
1.827123974615898333e+05 5.240782315040975927e-21
1.830463987975952041e+05 5.233472696084299075e-21
1.833804001336005167e+05 5.226186145967458005e-21
1.837144014696058875e+05 5.218922552586490513e-21
1.840484028056112002e+05 5.211681804565123703e-21
1.843824041416165710e+05 5.204463791248914947e-21
1.847164054776218836e+05 5.197268402699471835e-21
1.850504068136272545e+05 5.190095529688714265e-21
1.853844081496326253e+05 5.182945063693198209e-21
1.857184094856379379e+05 5.175816896888486134e-21
1.860524108216433087e+05 5.168710922143573086e-21
1.863864121576486214e+05 5.161627033015364691e-21
1.867204134936539922e+05 5.154565123743213079e-21
1.870544148296593048e+05 5.147525089243495696e-21
1.873884161656646756e+05 5.140506825104233979e-21
1.877224175016699883e+05 5.133510227579806833e-21
1.880564188376753591e+05 5.126535193585652064e-21
1.883904201736807008e+05 5.119581620693059601e-21
1.887244215096860426e+05 5.112649407124011353e-21
1.890584228456913843e+05 5.105738451746030858e-21
1.893924241816967260e+05 5.098848654067145011e-21
1.897264255177020677e+05 5.091979914230829257e-21
1.900604268537074095e+05 5.085132133011036284e-21
1.903944281897127512e+05 5.078305211807254053e-21
1.907284295257181220e+05 5.071499052639638314e-21
1.910624308617234346e+05 5.064713558144137595e-21
1.913964321977288055e+05 5.057948631567713735e-21
1.917304335337341181e+05 5.051204176763576714e-21
1.920644348697394889e+05 5.044480098186482674e-21
1.923984362057448016e+05 5.037776300888057520e-21
1.927324375417501724e+05 5.031092690512172435e-21
1.930664388777554850e+05 5.024429173290359258e-21
1.934004402137608558e+05 5.017785656037275525e-21
1.937344415497662267e+05 5.011162046146189818e-21
1.940684428857715393e+05 5.004558251584549114e-21
1.944024442217769101e+05 4.997974180889525076e-21
1.947364455577822227e+05 4.991409743163665662e-21
1.950704468937875936e+05 4.984864848070540717e-21
1.954044482297929062e+05 4.978339405830450012e-21
1.957384495657982770e+05 4.971833327216157604e-21
1.960724509018035897e+05 4.965346523548678118e-21
1.964064522378089605e+05 4.958878906693073549e-21
1.967404535738143022e+05 4.952430389054347127e-21
1.970744549098196439e+05 4.946000883573280744e-21
1.974084562458249857e+05 4.939590303722413073e-21
1.977424575818303274e+05 4.933198563501980067e-21
1.980764589178356691e+05 4.926825577435914898e-21
1.984104602538410109e+05 4.920471260567895281e-21
1.987444615898463526e+05 4.914135528457409612e-21
1.990784629258517234e+05 4.907818297175869755e-21
1.994124642618570360e+05 4.901519483302751652e-21
1.997464655978624069e+05 4.895239003921763026e-21
2.000804669338677195e+05 4.888976776617080297e-21
2.004144682698730903e+05 4.882732719469558407e-21
2.007484696058784029e+05 4.876506751053036952e-21
2.010824709418837738e+05 4.870298790430642543e-21
2.014164722778890864e+05 4.864108757151128034e-21
2.017504736138944572e+05 4.857936571245252381e-21
2.020844749498998281e+05 4.851782153222195095e-21
2.024184762859051407e+05 4.845645424065982745e-21
2.027524776219105115e+05 4.839526305231972628e-21
2.030864789579158241e+05 4.833424718643354497e-21
2.034204802939211950e+05 4.827340586687673359e-21
2.037544816299265076e+05 4.821273832213404926e-21
2.040884829659318784e+05 4.815224378526544616e-21
2.044224843019371910e+05 4.809192149387227393e-21
2.047564856379425619e+05 4.803177069006396512e-21
2.050904869739479036e+05 4.797179062042456463e-21
2.054244883099532453e+05 4.791198053598025219e-21
2.057584896459585871e+05 4.785233969216633827e-21
2.060924909819639288e+05 4.779286734879526804e-21
2.064264923179692705e+05 4.773356277002434704e-21
2.067604936539746122e+05 4.767442522432419647e-21
2.070944949899799540e+05 4.761545398444708831e-21
2.074284963259852957e+05 4.755664832739586700e-21
2.077624976619906374e+05 4.749800753439294660e-21
2.080964989979960083e+05 4.743953089084968392e-21
2.084305003340013209e+05 4.738121768633596990e-21
2.087645016700066917e+05 4.732306721455000907e-21
2.090985030060120043e+05 4.726507877328853538e-21
2.094325043420173752e+05 4.720725166441716333e-21
2.097665056780226878e+05 4.714958519384094990e-21
2.101005070140280586e+05 4.709207867147537768e-21
2.104345083500334295e+05 4.703473141121739069e-21
2.107685096860387421e+05 4.697754273091683646e-21
2.111025110220441129e+05 4.692051195234804350e-21
2.114365123580494255e+05 4.686363840118172230e-21
2.117705136940547964e+05 4.680692140695703932e-21
2.121045150300601090e+05 4.675036030305392427e-21
2.124385163660654798e+05 4.669395442666573089e-21
2.127725177020707924e+05 4.663770311877198053e-21
2.131065190380761633e+05 4.658160572411143679e-21
2.134405203740815050e+05 4.652566159115528538e-21
2.137745217100868467e+05 4.646987007208081814e-21
2.141085230460921885e+05 4.641423052274488376e-21
2.144425243820975302e+05 4.635874230265805327e-21
2.147765257181028719e+05 4.630340477495867263e-21
2.151105270541082136e+05 4.624821730638723129e-21
2.154445283901135554e+05 4.619317926726100918e-21
2.157785297261188971e+05 4.613829003144884396e-21
2.161125310621242388e+05 4.608354897634607893e-21
2.164465323981296096e+05 4.602895548284998484e-21
2.167805337341349223e+05 4.597450893533494093e-21
2.171145350701402931e+05 4.592020872162824052e-21
2.174485364061456057e+05 4.586605423298588141e-21
2.177825377421509766e+05 4.581204486406858954e-21
2.181165390781562892e+05 4.575818001291809100e-21
2.184505404141616600e+05 4.570445908093350427e-21
2.187845417501670308e+05 4.565088147284801094e-21
2.191185430861723435e+05 4.559744659670571443e-21
2.194525444221777143e+05 4.554415386383849124e-21
2.197865457581830269e+05 4.549100268884346655e-21
2.201205470941883978e+05 4.543799248956015139e-21
2.204545484301937104e+05 4.538512268704815896e-21
2.207885497661990812e+05 4.533239270556499633e-21
2.211225511022043938e+05 4.527980197254390110e-21
2.214565524382097647e+05 4.522734991857206947e-21
2.217905537742151064e+05 4.517503597736889916e-21
2.221245551102204481e+05 4.512285958576456350e-21
2.224585564462257898e+05 4.507082018367857038e-21
2.227925577822311316e+05 4.501891721409866732e-21
2.231265591182364733e+05 4.496715012305983678e-21
2.234605604542418150e+05 4.491551835962344947e-21
2.237945617902471568e+05 4.486402137585665091e-21
2.241285631262524985e+05 4.481265862681189087e-21
2.244625644622578402e+05 4.476142957050658825e-21
2.247965657982632110e+05 4.471033366790290888e-21
2.251305671342685237e+05 4.465937038288797199e-21
2.254645684702738945e+05 4.460853918225379351e-21
2.257985698062792071e+05 4.455783953567774841e-21
2.261325711422845779e+05 4.450727091570310825e-21
2.264665724782898906e+05 4.445683279771955621e-21
2.268005738142952614e+05 4.440652465994410081e-21
2.271345751503006322e+05 4.435634598340199717e-21
2.274685764863059449e+05 4.430629625190786386e-21
2.278025778223113157e+05 4.425637495204695025e-21
2.281365791583166283e+05 4.420658157315657683e-21
2.284705804943219991e+05 4.415691560730759063e-21
2.288045818303273118e+05 4.410737654928627202e-21
2.291385831663326826e+05 4.405796389657600825e-21
2.294725845023379952e+05 4.400867714933935826e-21
2.298065858383433660e+05 4.395951581040026040e-21
2.301405871743487078e+05 4.391047938522620248e-21
2.304745885103540495e+05 4.386156738191076810e-21
2.308085898463593912e+05 4.381277931115613020e-21
2.311425911823647330e+05 4.376411468625572524e-21
2.314765925183700747e+05 4.371557302307719064e-21
2.318105938543754164e+05 4.366715384004528721e-21
2.321445951903807581e+05 4.361885665812500966e-21
2.324785965263860999e+05 4.357068100080487012e-21
2.328125978623914416e+05 4.352262639408015155e-21
2.331465991983968124e+05 4.347469236643662015e-21
2.334806005344021250e+05 4.342687844883399691e-21
2.338146018704074959e+05 4.337918417468973770e-21
2.341486032064128085e+05 4.333160907986308416e-21
2.344826045424181793e+05 4.328415270263879110e-21
2.348166058784234920e+05 4.323681458371158361e-21
2.351506072144288628e+05 4.318959426617021553e-21
2.354846085504341754e+05 4.314249129548191903e-21
2.358186098864395462e+05 4.309550521947696708e-21
2.361526112224449171e+05 4.304863558833322091e-21
2.364866125584502297e+05 4.300188195456089554e-21
2.368206138944556005e+05 4.295524387298752857e-21
2.371546152304609132e+05 4.290872090074281341e-21
2.374886165664662840e+05 4.286231259724382384e-21
2.378226179024715966e+05 4.281601852418020089e-21
2.381566192384769674e+05 4.276983824549939988e-21
2.384906205744823092e+05 4.272377132739227610e-21
2.388246219104876509e+05 4.267781733827857256e-21
2.391586232464929926e+05 4.263197584879252070e-21
2.394926245824983343e+05 4.258624643176874198e-21
2.398266259185036761e+05 4.254062866222808926e-21
2.401606272545090178e+05 4.249512211736361611e-21
2.404946285905143595e+05 4.244972637652666649e-21
2.408286299265197013e+05 4.240444102121313745e-21
2.411626312625250430e+05 4.235926563504977943e-21
2.414966325985304138e+05 4.231419980378061698e-21
2.418306339345357264e+05 4.226924311525339951e-21
2.421646352705410973e+05 4.222439515940633797e-21
2.424986366065464099e+05 4.217965552825475878e-21
2.428326379425517807e+05 4.213502381587797585e-21
2.431666392785570933e+05 4.209049961840615518e-21
2.435006406145624642e+05 4.204608253400735998e-21
2.438346419505677768e+05 4.200177216287476878e-21
2.441686432865731476e+05 4.195756810721378074e-21
2.445026446225785185e+05 4.191346997122931656e-21
2.448366459585838311e+05 4.186947736111339773e-21
2.451706472945892019e+05 4.182558988503243991e-21
2.455046486305945145e+05 4.178180715311502777e-21
2.458386499665998854e+05 4.173812877743951685e-21
2.461726513026051980e+05 4.169455437202182343e-21
2.465066526386105688e+05 4.165108355280336493e-21
2.468406539746159106e+05 4.160771593763900024e-21
2.471746553106212523e+05 4.156445114628498518e-21
2.475086566466265940e+05 4.152128880038732660e-21
2.478426579826319357e+05 4.147822852346983563e-21
2.481766593186372775e+05 4.143526994092254950e-21
2.485106606546426192e+05 4.139241267999012334e-21
2.488446619906479609e+05 4.134965636976028208e-21
2.491786633266533026e+05 4.130700064115247553e-21
2.495126646626586444e+05 4.126444512690653347e-21
2.498466659986640152e+05 4.122198946157127556e-21
2.501806673346693278e+05 4.117963328149363285e-21
2.505146686706746987e+05 4.113737622480727276e-21
2.508486700066800113e+05 4.109521793142175820e-21
2.511826713426853821e+05 4.105315804301161639e-21
2.515166726786906947e+05 4.101119620300540024e-21
2.518506740146960656e+05 4.096933205657508061e-21
2.521846753507013782e+05 4.092756525062524311e-21
2.525186766867067490e+05 4.088589543378248793e-21
2.528526780227121199e+05 4.084432225638501027e-21
2.531866793587174325e+05 4.080284537047205285e-21
2.535206806947228033e+05 4.076146442977354654e-21
2.538546820307281159e+05 4.072017908969987130e-21
2.541886833667334868e+05 4.067898900733154197e-21
2.545226847027387994e+05 4.063789384140914974e-21
2.548566860387441702e+05 4.059689325232326610e-21
2.551906873747495119e+05 4.055598690210434677e-21
2.555246887107548537e+05 4.051517445441303429e-21
2.558586900467601954e+05 4.047445557452997924e-21
2.561926913827655371e+05 4.043382992934636852e-21
2.565266927187708789e+05 4.039329718735402490e-21
2.568606940547762206e+05 4.035285701863577739e-21
2.571946953907815623e+05 4.031250909485595941e-21
2.575286967267869040e+05 4.027225308925094473e-21
2.578626980627922458e+05 4.023208867661946512e-21
2.581966993987976166e+05 4.019201553331355998e-21
2.585307007348029292e+05 4.015203333722902195e-21
2.588647020708083000e+05 4.011214176779634650e-21
2.591987034068136127e+05 4.007234050597146344e-21
2.595327047428189835e+05 4.003262923422658870e-21
2.598667060788242961e+05 3.999300763654134707e-21
2.602007074148296670e+05 3.995347539839363900e-21
2.605347087508349796e+05 3.991403220675083101e-21
2.608687100868403504e+05 3.987467775006083325e-21
2.612027114228457212e+05 3.983541171824341018e-21
2.615367127588510339e+05 3.979623380268136348e-21
2.618707140948564047e+05 3.975714369621196313e-21
2.622047154308616882e+05 3.971814109311825065e-21
2.625387167668670882e+05 3.967922568912057554e-21
2.628727181028723717e+05 3.964039718136813921e-21
2.632067194388777716e+05 3.960165526843047884e-21
2.635407207748831133e+05 3.956299965028922942e-21
2.638747221108884551e+05 3.952443002832969787e-21
2.642087234468937968e+05 3.948594610533277562e-21
2.645427247828991385e+05 3.944754758546664807e-21
2.648767261189044802e+05 3.940923417427863950e-21
2.652107274549098220e+05 3.937100557868726109e-21
2.655447287909151637e+05 3.933286150697417615e-21
2.658787301269205054e+05 3.929480166877614284e-21
2.662127314629258472e+05 3.925682577507720512e-21
2.665467327989311889e+05 3.921893353820085361e-21
2.668807341349365306e+05 3.918112467180223159e-21
2.672147354709418723e+05 3.914339889086031091e-21
2.675487368069472141e+05 3.910575591167033874e-21
2.678827381429525558e+05 3.906819545183613385e-21
2.682167394789578975e+05 3.903071723026257096e-21
2.685507408149632392e+05 3.899332096714793720e-21
2.688847421509685810e+05 3.895600638397666477e-21
2.692187434869739227e+05 3.891877320351166480e-21
2.695527448229793226e+05 3.888162114978717281e-21
2.698867461589846062e+05 3.884454994810134598e-21
2.702207474949900061e+05 3.880755932500898064e-21
2.705547488309952896e+05 3.877064900831431269e-21
2.708887501670006895e+05 3.873381872706390815e-21
2.712227515030059731e+05 3.869706821153941083e-21
2.715567528390113730e+05 3.866039719325063613e-21
2.718907541750166565e+05 3.862380540492846155e-21
2.722247555110220565e+05 3.858729258051783025e-21
2.725587568470273982e+05 3.855085845517091241e-21
2.728927581830327399e+05 3.851450276524018398e-21
2.732267595190380816e+05 3.847822524827155047e-21
2.735607608550434234e+05 3.844202564299771153e-21
2.738947621910487651e+05 3.840590368933120957e-21
2.742287635270541068e+05 3.836985912835792969e-21
2.745627648630594485e+05 3.833389170233041167e-21
2.748967661990647903e+05 3.829800115466110161e-21
2.752307675350701320e+05 3.826218722991607765e-21
2.755647688710754737e+05 3.822644967380820390e-21
2.758987702070808155e+05 3.819078823319099153e-21
2.762327715430861572e+05 3.815520265605196331e-21
2.765667728790914989e+05 3.811969269150628906e-21
2.769007742150968406e+05 3.808425808979059406e-21
2.772347755511021824e+05 3.804889860225647410e-21
2.775687768871075241e+05 3.801361398136438663e-21
2.779027782231129240e+05 3.797840398067738401e-21
2.782367795591182075e+05 3.794326835485495955e-21
2.785707808951236075e+05 3.790820685964690107e-21
2.789047822311288910e+05 3.787321925188725735e-21
2.792387835671342909e+05 3.783830528948818414e-21
2.795727849031395745e+05 3.780346473143409869e-21
2.799067862391449744e+05 3.776869733777557849e-21
2.802407875751502579e+05 3.773400286962351572e-21
2.805747889111556578e+05 3.769938108914320405e-21
2.809087902471609996e+05 3.766483175954848566e-21
2.812427915831663413e+05 3.763035464509594333e-21
2.815767929191716830e+05 3.759594951107923549e-21
2.819107942551770248e+05 3.756161612382315292e-21
2.822447955911823665e+05 3.752735425067811183e-21
2.825787969271877082e+05 3.749316366001446631e-21
2.829127982631930499e+05 3.745904412121682833e-21
2.832467995991983917e+05 3.742499540467852324e-21
2.835808009352037334e+05 3.739101728179608272e-21
2.839148022712090751e+05 3.735710952496367771e-21
2.842488036072144168e+05 3.732327190756768665e-21
2.845828049432197586e+05 3.728950420398125625e-21
2.849168062792251003e+05 3.725580618955892241e-21
2.852508076152304420e+05 3.722217764063114842e-21
2.855848089512357838e+05 3.718861833449917911e-21
2.859188102872411255e+05 3.715512804942957151e-21
2.862528116232465254e+05 3.712170656464903396e-21
2.865868129592518089e+05 3.708835366033918245e-21
2.869208142952572089e+05 3.705506911763133463e-21
2.872548156312624924e+05 3.702185271860140905e-21
2.875888169672678923e+05 3.698870424626467404e-21
2.879228183032731758e+05 3.695562348457083507e-21
2.882568196392785758e+05 3.692261021839885878e-21
2.885908209752838593e+05 3.688966423355199271e-21
2.889248223112892592e+05 3.685678531675270967e-21
2.892588236472946010e+05 3.682397325563788542e-21
2.895928249832999427e+05 3.679122783875377323e-21
2.899268263193052844e+05 3.675854885555109117e-21
2.902608276553106261e+05 3.672593609638023747e-21
2.905948289913159679e+05 3.669338935248641544e-21
2.909288303273213096e+05 3.666090841600484127e-21
2.912628316633266513e+05 3.662849307995595923e-21
2.915968329993319931e+05 3.659614313824073226e-21
2.919308343353373348e+05 3.656385838563590227e-21
2.922648356713426765e+05 3.653163861778940865e-21
2.925988370073480182e+05 3.649948363121551314e-21
2.929328383433533600e+05 3.646739322329051173e-21
2.932668396793587017e+05 3.643536719224782198e-21
2.936008410153640434e+05 3.640340533717367224e-21
2.939348423513693851e+05 3.637150745800242228e-21
2.942688436873747269e+05 3.633967335551208697e-21
2.946028450233801268e+05 3.630790283131995783e-21
2.949368463593854103e+05 3.627619568787805150e-21
2.952708476953908103e+05 3.624455172846871619e-21
2.956048490313960938e+05 3.621297075720029839e-21
2.959388503674014937e+05 3.618145257900271170e-21
2.962728517034067772e+05 3.614999699962318620e-21
2.966068530394121772e+05 3.611860382562186749e-21
2.969408543754174607e+05 3.608727286436761868e-21
2.972748557114228606e+05 3.605600392403372471e-21
2.976088570474282023e+05 3.602479681359373202e-21
2.979428583834335441e+05 3.599365134281714533e-21
2.982768597194388858e+05 3.596256732226535003e-21
2.986108610554442275e+05 3.593154456328745193e-21
2.989448623914495693e+05 3.590058287801611691e-21
2.992788637274549110e+05 3.586968207936352347e-21
2.996128650634602527e+05 3.583884198101724006e-21
2.999468663994655944e+05 3.580806239743629041e-21
3.002808677354709362e+05 3.577734314384704595e-21
3.006148690714762779e+05 3.574668403623920838e-21
3.009488704074816196e+05 3.571608489136198794e-21
3.012828717434869613e+05 3.568554552671999575e-21
3.016168730794923031e+05 3.565506576056945215e-21
3.019508744154976448e+05 3.562464541191419185e-21
3.022848757515029865e+05 3.559428430050193253e-21
3.026188770875083283e+05 3.556398224682025737e-21
3.029528784235137282e+05 3.553373907209295887e-21
3.032868797595190117e+05 3.550355459827612678e-21
3.036208810955244116e+05 3.547342864805444666e-21
3.039548824315296952e+05 3.544336104483741582e-21
3.042888837675350951e+05 3.541335161275561173e-21
3.046228851035403786e+05 3.538340017665705090e-21
3.049568864395457786e+05 3.535350656210338960e-21
3.052908877755510621e+05 3.532367059536638051e-21
3.056248891115564620e+05 3.529389210342422398e-21
3.059588904475618037e+05 3.526417091395785153e-21
3.062928917835671455e+05 3.523450685534748784e-21
3.066268931195724872e+05 3.520489975666895684e-21
3.069608944555778289e+05 3.517534944769020599e-21
3.072948957915831706e+05 3.514585575886774785e-21
3.076288971275885124e+05 3.511641852134316935e-21
3.079628984635938541e+05 3.508703756693965604e-21
3.082968997995991958e+05 3.505771272815853146e-21
3.086309011356045376e+05 3.502844383817578897e-21
3.089649024716098793e+05 3.499923073083874393e-21
3.092989038076152210e+05 3.497007324066252790e-21
3.096329051436205627e+05 3.494097120282681609e-21
3.099669064796259045e+05 3.491192445317243438e-21
3.103009078156312462e+05 3.488293282819793630e-21
3.106349091516365879e+05 3.485399616505648091e-21
3.109689104876419296e+05 3.482511430155234957e-21
3.113029118236473296e+05 3.479628707613775615e-21
3.116369131596526131e+05 3.476751432790963460e-21
3.119709144956580130e+05 3.473879589660623097e-21
3.123049158316632966e+05 3.471013162260413928e-21
3.126389171676686965e+05 3.468152134691489356e-21
3.129729185036739800e+05 3.465296491118183062e-21
3.133069198396793799e+05 3.462446215767705078e-21
3.136409211756846635e+05 3.459601292929815273e-21
3.139749225116900634e+05 3.456761706956514159e-21
3.143089238476954051e+05 3.453927442261734434e-21
3.146429251837007469e+05 3.451098483321033290e-21
3.149769265197060886e+05 3.448274814671283209e-21
3.153109278557114303e+05 3.445456420910370283e-21
3.156449291917167720e+05 3.442643286696883509e-21
3.159789305277221138e+05 3.439835396749829661e-21
3.163129318637274555e+05 3.437032735848318821e-21
3.166469331997327972e+05 3.434235288831268717e-21
3.169809345357381389e+05 3.431443040597119601e-21
3.173149358717434807e+05 3.428655976103528802e-21
3.176489372077488224e+05 3.425874080367084095e-21
3.179829385437541641e+05 3.423097338463013311e-21
3.183169398797595059e+05 3.420325735524892432e-21
3.186509412157648476e+05 3.417559256744359716e-21
3.189849425517701893e+05 3.414797887370834328e-21
3.193189438877755310e+05 3.412041612711227451e-21
3.196529452237809310e+05 3.409290418129662425e-21
3.199869465597862145e+05 3.406544289047194884e-21
3.203209478957916144e+05 3.403803210941530637e-21
3.206549492317968979e+05 3.401067169346757096e-21
3.209889505678022979e+05 3.398336149853055130e-21
3.213229519038075814e+05 3.395610138106438019e-21
3.216569532398129813e+05 3.392889119808472342e-21
3.219909545758182649e+05 3.390173080716006389e-21
3.223249559118236648e+05 3.387462006640905725e-21
3.226589572478290065e+05 3.384755883449783106e-21
3.229929585838343482e+05 3.382054697063733664e-21
3.233269599198396900e+05 3.379358433458067083e-21
3.236609612558450317e+05 3.376667078662051060e-21
3.239949625918503734e+05 3.373980618758643477e-21
3.243289639278557152e+05 3.371299039884241131e-21
3.246629652638610569e+05 3.368622328228406267e-21
3.249969665998663986e+05 3.365950470033633732e-21
3.253309679358717403e+05 3.363283451595071494e-21
3.256649692718770821e+05 3.360621259260278392e-21
3.259989706078824238e+05 3.357963879428977006e-21
3.263329719438877655e+05 3.355311298552789210e-21
3.266669732798931072e+05 3.352663503135000704e-21
3.270009746158984490e+05 3.350020479730299956e-21
3.273349759519037907e+05 3.347382214944546114e-21
3.276689772879091324e+05 3.344748695434509456e-21
3.280029786239144742e+05 3.342119907907637422e-21
3.283369799599198159e+05 3.339495839121810859e-21
3.286709812959252158e+05 3.336876475885101403e-21
3.290049826319304993e+05 3.334261805055529608e-21
3.293389839679358993e+05 3.331651813540830600e-21
3.296729853039411828e+05 3.329046488298221232e-21
3.300069866399465827e+05 3.326445816334153704e-21
3.303409879759518662e+05 3.323849784704089493e-21
3.306749893119572662e+05 3.321258380512267257e-21
3.310089906479626079e+05 3.318671590911468496e-21
3.313429919839679496e+05 3.316089403102785833e-21
3.316769933199732914e+05 3.313511804335394689e-21
3.320109946559786331e+05 3.310938781906338119e-21
3.323449959919839748e+05 3.308370323160278549e-21
3.326789973279893165e+05 3.305806415489292769e-21
3.330129986639946583e+05 3.303247046332631943e-21
3.333470000000000000e+05 3.300692203176518110e-21
