1.366666666666666607e+01 4.164730655814877569e-21
3.476680026720106298e+02 2.071672101214115103e-20
6.816693386773547445e+02 4.567925822875022517e-20
1.015670674682698746e+03 6.290787831020996799e-20
1.349672010688042747e+03 7.300594458329263467e-20
1.683673346693386748e+03 7.869328625044444278e-20
2.017674682698730976e+03 8.184768625329571990e-20
2.351676018704074522e+03 8.354092197302376279e-20
2.685677354709418978e+03 8.436898448980767735e-20
3.019678690714762524e+03 8.466895653997783282e-20
3.353680026720106980e+03 8.463693126476068932e-20
3.687681362725450981e+03 8.439033384689974382e-20
4.021682698730794982e+03 8.400134011160403735e-20
4.355684034736139438e+03 8.351529889550099964e-20
4.689685370741482984e+03 8.296120530849084405e-20
5.023686706746826530e+03 8.235783758686361554e-20
5.357688042752170986e+03 8.171745605251049174e-20
5.691689378757514532e+03 8.104809099739239460e-20
6.025690714762858988e+03 8.035499125006172617e-20
6.359692050768202535e+03 7.964156079761985662e-20
6.693693386773546990e+03 7.890997586338597346e-20
7.027694722778891446e+03 7.816159827382519194e-20
7.361696058784234992e+03 7.739725641162352507e-20
7.695697394789579448e+03 7.661743853664345698e-20
8.029698730794923904e+03 7.582242712822126909e-20
8.363700066800267450e+03 7.501239289663090654e-20
8.697701402805610996e+03 7.418746079112108112e-20
9.031702738810954543e+03 7.334775627304425368e-20
9.365704074816298089e+03 7.249343747668344154e-20
9.699705410821643454e+03 7.162471713205454015e-20
1.003370674682698700e+04 7.074187695459149722e-20
1.036770808283233055e+04 6.984527641595756031e-20
1.070170941883767591e+04 6.893535727043880074e-20
1.103571075484301764e+04 6.801264483966449977e-20
1.136971209084836300e+04 6.707774680040430823e-20
1.170371342685370655e+04 6.613135003974668293e-20
1.203771476285905010e+04 6.517421601473921661e-20
1.237171609886439546e+04 6.420717496300900375e-20
1.270571743486973901e+04 6.323111924561517443e-20
1.303971877087508255e+04 6.224699605554960100e-20
1.337372010688042792e+04 6.125579968942741273e-20
1.370772144288577147e+04 6.025856355217941448e-20
1.404172277889111501e+04 5.925635204232434234e-20
1.437572411489646038e+04 5.825025244682510035e-20
1.470972545090180392e+04 5.724136695837075451e-20
1.504372678690714747e+04 5.623080491334775768e-20
1.537772812291249284e+04 5.521967533524042001e-20
1.571172945891783638e+04 5.420907985541445113e-20
1.604573079492317993e+04 5.320010607103158424e-20
1.637973213092852529e+04 5.219382138815139319e-20
1.671373346693386702e+04 5.119126738691195386e-20
1.704773480293921239e+04 5.019345473509081838e-20
1.738173613894455775e+04 4.920135866640429629e-20
1.771573747494989948e+04 4.821591503068137153e-20
1.804973881095524121e+04 4.723801691462297160e-20
1.838374014696058657e+04 4.626851182428741930e-20
1.871774148296593194e+04 4.530819941377122975e-20
1.905174281897127366e+04 4.435782973880860172e-20
1.938574415497661903e+04 4.341810200919702610e-20
1.971974549098196439e+04 4.248966381005572219e-20
2.005374682698730612e+04 4.157311075890929718e-20
2.038774816299265149e+04 4.066898656341475182e-20
2.072174949899799685e+04 3.977778344315383035e-20
2.105575083500333858e+04 3.889994287823336536e-20
2.138975217100868394e+04 3.803585664739097853e-20
2.172375350701402931e+04 3.718586811882096560e-20
2.205775484301937104e+04 3.635027375792907006e-20
2.239175617902471640e+04 3.552932481762061970e-20
2.272575751503005813e+04 3.472322917844352673e-20
2.305975885103540350e+04 3.393215330787648229e-20
2.339376018704074522e+04 3.315622431020259790e-20
2.372776152304609423e+04 3.239553204068210788e-20
2.406176285905143595e+04 3.165013126007702960e-20
2.439576419505678132e+04 3.092004380793825729e-20
2.472976553106212305e+04 3.020526077540371648e-20
2.506376686706746841e+04 2.950574466053549577e-20
2.539776820307281014e+04 2.882143149142129296e-20
2.573176953907815914e+04 2.815223290435589835e-20
2.606577087508350087e+04 2.749803816638663661e-20
2.639977221108884623e+04 2.685871613334132297e-20
2.673377354709418796e+04 2.623411713614970399e-20
2.706777488309953333e+04 2.562407478981665066e-20
2.740177621910487505e+04 2.502840772080789760e-20
2.773577755511022406e+04 2.444692120986629348e-20
2.806977889111556578e+04 2.387940874839619447e-20
2.840378022712091115e+04 2.332565350753671744e-20
2.873778156312625288e+04 2.278542971990448828e-20
2.907178289913159460e+04 2.225850397472382977e-20
2.940578423513693997e+04 2.174463642769200758e-20
2.973978557114228170e+04 2.124358192745406581e-20
3.007378690714763070e+04 2.075509106099585540e-20
3.040778824315297243e+04 2.027891112061477819e-20
3.074178957915831779e+04 1.981478699540268648e-20
3.107579091516365952e+04 1.936246199038390268e-20
3.140979225116900489e+04 1.892167857659984820e-20
3.174379358717434661e+04 1.849217907552962659e-20
3.207779492317969562e+04 1.807370628128747849e-20
3.241179625918503734e+04 1.766600402405222065e-20
3.274579759519038271e+04 1.726881767816404958e-20
3.307979893119572080e+04 1.688189461827782596e-20
3.341380026720106980e+04 1.650498462689164441e-20
3.374780160320641153e+04 1.613784025648189649e-20
3.408180293921176053e+04 1.578021714937247999e-20
3.441580427521710226e+04 1.543187431835140434e-20
3.474980561122244399e+04 1.509257439092474937e-20
3.508380694722778571e+04 1.476208381996888208e-20
3.541780828323313472e+04 1.444017306340825823e-20
3.575180961923847644e+04 1.412661673541159979e-20
3.608581095524381817e+04 1.382119373146304345e-20
3.641981229124916717e+04 1.352368732953061913e-20
3.675381362725450890e+04 1.323388526942155126e-20
3.708781496325985063e+04 1.295157981228408557e-20
3.742181629926519236e+04 1.267656778208945165e-20
3.775581763527054136e+04 1.240865059080550977e-20
3.808981897127588309e+04 1.214763424885633338e-20
3.842382030728123209e+04 1.189332936234928080e-20
3.875782164328657382e+04 1.164555111844422452e-20
3.909182297929191554e+04 1.140411926013685844e-20
3.942582431529725727e+04 1.116885805163183163e-20
3.975982565130260627e+04 1.093959623538961446e-20
4.009382698730794800e+04 1.071616698184486736e-20
4.042782832331329701e+04 1.049840783271292074e-20
4.076182965931863873e+04 1.028616063872499258e-20
4.109583099532398046e+04 1.007927149256149831e-20
4.142983233132932219e+04 9.877590657686231102e-21
4.176383366733467119e+04 9.680972493722272998e-21
4.209783500334001292e+04 9.489275378952725964e-21
4.243183633934536192e+04 9.302361630475658693e-21
4.276583767535070365e+04 9.120097422493126750e-21
4.309983901135604538e+04 8.942352703167860546e-21
4.343384034736138710e+04 8.769001110438840734e-21
4.376784168336672883e+04 8.599919887147572734e-21
4.410184301937207056e+04 8.434989795790772990e-21
4.443584435537742684e+04 8.274095033181717990e-21
4.476984569138276856e+04 8.117123145272038301e-21
4.510384702738811029e+04 7.963964942357524982e-21
4.543784836339345202e+04 7.814514414865881302e-21
4.577184969939880102e+04 7.668668649900651733e-21
4.610585103540414275e+04 7.526327748694168817e-21
4.643985237140948448e+04 7.387394745102644791e-21
4.677385370741482620e+04 7.251775525258655332e-21
4.710785504342017521e+04 7.119378748480009718e-21
4.744185637942551693e+04 6.990115769519290917e-21
4.777585771543085866e+04 6.863900562224712623e-21
4.810985905143620039e+04 6.740649644671180808e-21
4.844386038744155667e+04 6.620282005809173896e-21
4.877786172344689840e+04 6.502719033669395154e-21
4.911186305945224012e+04 6.387884445152087776e-21
4.944586439545758185e+04 6.275704217422212918e-21
4.977986573146293085e+04 6.166106520924150501e-21
5.011386706746827258e+04 6.059021654023627248e-21
5.044786840347361431e+04 5.954381979278554896e-21
5.078186973947895603e+04 5.852121861335658719e-21
5.111587107548429776e+04 5.752177606445170073e-21
5.144987241148964677e+04 5.654487403582024379e-21
5.178387374749498849e+04 5.558991267158487372e-21
5.211787508350033022e+04 5.465630981310153257e-21
5.245187641950567195e+04 5.374350045734696810e-21
5.278587775551102823e+04 5.285093623060419462e-21
5.311987909151636995e+04 5.197808487719823125e-21
5.345388042752171168e+04 5.112442976301674536e-21
5.378788176352705341e+04 5.028946939353871134e-21
5.412188309953240241e+04 4.947271694608080324e-21
5.445588443553774414e+04 4.867369981596434886e-21
5.478988577154308587e+04 4.789195917629656232e-21
5.512388710754842759e+04 4.712704955105677771e-21
5.545788844355377660e+04 4.637853840117250844e-21
5.579188977955911832e+04 4.564600572326961529e-21
5.612589111556446005e+04 4.492904366077808982e-21
5.645989245156980178e+04 4.422725612707699152e-21
5.679389378757515806e+04 4.354025844036078253e-21
5.712789512358049979e+04 4.286767696991339692e-21
5.746189645958584151e+04 4.220914879347686258e-21
5.779589779559118324e+04 4.156432136540639472e-21
5.812989913159652497e+04 4.093285219530650540e-21
5.846390046760187397e+04 4.031440853684723277e-21
5.879790180360721570e+04 3.970866708646486708e-21
5.913190313961255742e+04 3.911531369165578657e-21
5.946590447561789915e+04 3.853404306857792891e-21
5.979990581162324816e+04 3.796455852868040550e-21
6.013390714762858988e+04 3.740657171408658009e-21
6.046790848363393161e+04 3.685980234146278726e-21
6.080190981963927334e+04 3.632397795411062881e-21
6.113591115564462962e+04 3.579883368202740660e-21
6.146991249164997134e+04 3.528411200968452400e-21
6.180391382765531307e+04 3.477956255128123396e-21
6.213791516366065480e+04 3.428494183323664873e-21
6.247191649966600380e+04 3.380001308368914787e-21
6.280591783567134553e+04 3.332454602877921997e-21
6.313991917167668726e+04 3.285831669549713755e-21
6.347392050768202898e+04 3.240110722088389482e-21
6.380792184368737799e+04 3.195270566737920242e-21
6.414192317969271971e+04 3.151290584411671227e-21
6.447592451569806144e+04 3.108150713397239403e-21
6.480992585170340317e+04 3.065831432617781455e-21
6.514392718770874490e+04 3.024313745431599292e-21
6.547792852371410117e+04 2.983579163952263025e-21
6.581192985971944290e+04 2.943609693872124645e-21
6.614593119572478463e+04 2.904387819772632308e-21
6.647993253173012636e+04 2.865896490905328739e-21
6.681393386773546808e+04 2.828119107427962666e-21
6.714793520374080981e+04 2.791039507080635771e-21
6.748193653974615154e+04 2.754641952287366102e-21
6.781593787575149327e+04 2.718911117668970707e-21
6.814993921175684955e+04 2.683832077953566650e-21
6.848394054776219127e+04 2.649390296271501190e-21
6.881794188376753300e+04 2.615571612821895407e-21
6.915194321977287473e+04 2.582362233898459905e-21
6.948594455577823101e+04 2.549748721262620380e-21
6.981994589178357273e+04 2.517717981852380556e-21
7.015394722778891446e+04 2.486257257815779538e-21
7.048794856379425619e+04 2.455354116858123034e-21
7.082194989979959792e+04 2.424996442892556818e-21
7.115595123580493964e+04 2.395172426983910795e-21
7.148995257181028137e+04 2.365870558576055378e-21
7.182395390781562310e+04 2.337079616993357195e-21
7.215795524382096482e+04 2.308788663207154414e-21
7.249195657982632110e+04 2.280987031858443196e-21
7.282595791583166283e+04 2.253664323528304187e-21
7.315995925183700456e+04 2.226810397247853385e-21
7.349396058784234629e+04 2.200415363239821814e-21
7.382796192384770256e+04 2.174469575884075339e-21
7.416196325985304429e+04 2.148963626899739528e-21
7.449596459585838602e+04 2.123888338736734047e-21
7.482996593186372775e+04 2.099234758169871992e-21
7.516396726786906947e+04 2.074994150088837209e-21
7.549796860387441120e+04 2.051157991477632876e-21
7.583196993987975293e+04 2.027717965577261998e-21
7.616597127588509466e+04 2.004665956225680359e-21
7.649997261189045093e+04 1.981994042369195599e-21
7.683397394789579266e+04 1.959694492739750931e-21
7.716797528390113439e+04 1.937759760692650478e-21
7.750197661990647612e+04 1.916182479199557076e-21
7.783597795591183240e+04 1.894955455991681009e-21
7.816997929191717412e+04 1.874071668848316274e-21
7.850398062792251585e+04 1.853524261026014869e-21
7.883798196392785758e+04 1.833306536823856993e-21
7.917198329993319931e+04 1.813411957280441698e-21
7.950598463593854103e+04 1.793834135998342491e-21
7.983998597194388276e+04 1.774566835091949612e-21
8.017398730794922449e+04 1.755603961254747410e-21
8.050798864395456621e+04 1.736939561942192293e-21
8.084198997995992249e+04 1.718567821666517292e-21
8.117599131596526422e+04 1.700483058399890499e-21
8.150999265197060595e+04 1.682679720082484216e-21
8.184399398797594768e+04 1.665152381232132953e-21
8.217799532398130395e+04 1.647895739652345516e-21
8.251199665998664568e+04 1.630904613235603785e-21
8.284599799599198741e+04 1.614173936858893989e-21
8.317999933199732914e+04 1.597698759368616167e-21
8.351400066800267086e+04 1.581474240652036535e-21
8.384800200400801259e+04 1.565495648792594732e-21
8.418200334001335432e+04 1.549758357306415719e-21
8.451600467601869605e+04 1.534257842457542369e-21
8.485000601202405232e+04 1.518989680649392950e-21
8.518400734802939405e+04 1.503949545890109416e-21
8.551800868403473578e+04 1.489133207329491626e-21
8.585201002004007751e+04 1.474536526865322585e-21
8.618601135604541923e+04 1.460155456816927825e-21
8.652001269205077551e+04 1.445986037663920746e-21
8.685401402805611724e+04 1.432024395848120714e-21
8.718801536406145897e+04 1.418266741636717050e-21
8.752201670006680069e+04 1.404709367044808081e-21
8.785601803607214242e+04 1.391348643815514219e-21
8.819001937207748415e+04 1.378181021455895977e-21
8.852402070808284043e+04 1.365203025327015833e-21
8.885802204408818216e+04 1.352411254786479041e-21
8.919202338009352388e+04 1.339802381381884072e-21
8.952602471609886561e+04 1.327373147093657546e-21
8.986002605210420734e+04 1.315120362625769782e-21
9.019402738810954907e+04 1.303040905742927503e-21
9.052802872411489079e+04 1.291131719652819582e-21
9.086203006012023252e+04 1.279389811432115624e-21
9.119603139612558880e+04 1.267812250494875253e-21
9.153003273213093053e+04 1.256396167102144471e-21
9.186403406813627225e+04 1.245138750911500574e-21
9.219803540414161398e+04 1.234037249565374844e-21
9.253203674014695571e+04 1.223088967317014946e-21
9.286603807615229744e+04 1.212291263692971532e-21
9.320003941215763916e+04 1.201641552191056375e-21
9.353404074816298089e+04 1.191137299012722364e-21
9.386804208416832262e+04 1.180776021828863459e-21
9.420204342017369345e+04 1.170555288578075971e-21
9.453604475617903518e+04 1.160472716296423094e-21
9.487004609218437690e+04 1.150525969977808927e-21
9.520404742818971863e+04 1.140712761464063354e-21
9.553804876419506036e+04 1.131030848363896131e-21
9.587205010020040208e+04 1.121478032999889226e-21
9.620605143620574381e+04 1.112052161382712871e-21
9.654005277221108554e+04 1.102751122211811105e-21
9.687405410821644182e+04 1.093572845901777795e-21
9.720805544422178355e+04 1.084515303633718777e-21
9.754205678022712527e+04 1.075576506430865292e-21
9.787605811623246700e+04 1.066754504257778747e-21
9.821005945223780873e+04 1.058047385142471787e-21
9.854406078824315045e+04 1.049453274320788148e-21
9.887806212424849218e+04 1.040970333402446969e-21
9.921206346025383391e+04 1.032596759558113402e-21
9.954606479625919019e+04 1.024330784726933364e-21
9.988006613226453192e+04 1.016170674843952566e-21
1.002140674682698736e+05 1.008114729086864250e-21
1.005480688042752154e+05 1.000161279141563135e-21
1.008820701402805571e+05 9.923086884859688120e-22
1.012160714762858988e+05 9.845553516916378418e-22
1.015500728122912406e+05 9.768996937426522334e-22
1.018840741482965823e+05 9.693401693713253946e-22
1.022180754843019240e+05 9.618752624102703982e-22
1.025520768203072948e+05 9.545034851603599906e-22
1.028860781563126366e+05 9.472233777741831909e-22
1.032200794923179783e+05 9.400335076545418221e-22
1.035540808283233200e+05 9.329324688676004727e-22
1.038880821643286617e+05 9.259188815702988732e-22
1.042220835003340035e+05 9.189913914516194942e-22
1.045560848363393452e+05 9.121486691873676879e-22
1.048900861723446869e+05 9.053894099080761770e-22
1.052240875083500432e+05 8.987123326797024952e-22
1.055580888443553849e+05 8.921161799967710580e-22
1.058920901803607267e+05 8.855997172876201910e-22
1.062260915163660684e+05 8.791617324314580821e-22
1.065600928523714101e+05 8.728010352868827168e-22
1.068940941883767518e+05 8.665164572315955312e-22
1.072280955243820936e+05 8.603068507129882916e-22
1.075620968603874353e+05 8.541710888093344394e-22
1.078960981963927770e+05 8.481080648012992068e-22
1.082300995323981333e+05 8.421166917535028419e-22
1.085641008684034750e+05 8.361959021058787124e-22
1.088981022044088168e+05 8.303446472745539462e-22
1.092321035404141585e+05 8.245618972620351926e-22
1.095661048764195002e+05 8.188466402764315836e-22
1.099001062124248419e+05 8.131978823594970059e-22
1.102341075484301837e+05 8.076146470232643907e-22
1.105681088844355254e+05 8.020959748950412474e-22
1.109021102204408962e+05 7.966409233705674543e-22
1.112361115564462380e+05 7.912485662751132780e-22
1.115701128924515797e+05 7.859179935323242775e-22
1.119041142284569214e+05 7.806483108406144799e-22
1.122381155644622631e+05 7.754386393569109102e-22
1.125721169004676049e+05 7.702881153875767238e-22
1.129061182364729466e+05 7.651958900863143309e-22
1.132401195724782883e+05 7.601611291588909010e-22
1.135741209084836446e+05 7.551830125745002395e-22
1.139081222444889863e+05 7.502607342836057751e-22
1.142421235804943281e+05 7.453935019420984914e-22
1.145761249164996698e+05 7.405805366416079595e-22
1.149101262525050115e+05 7.358210726458261665e-22
1.152441275885103532e+05 7.311143571326816369e-22
1.155781289245156950e+05 7.264596499422267395e-22
1.159121302605210367e+05 7.218562233300974957e-22
1.162461315965263784e+05 7.173033617264042657e-22
1.165801329325317347e+05 7.128003614999281459e-22
1.169141342685370764e+05 7.083465307274815481e-22
1.172481356045424182e+05 7.039411889683190785e-22
1.175821369405477599e+05 6.995836670434663094e-22
1.179161382765531016e+05 6.952733068198540653e-22
1.182501396125584433e+05 6.910094609991385118e-22
1.185841409485637851e+05 6.867914929110893093e-22
1.189181422845691268e+05 6.826187763114475612e-22
1.192521436205744976e+05 6.784906951841340309e-22
1.195861449565798393e+05 6.744066435477075704e-22
1.199201462925851811e+05 6.703660252659767116e-22
1.202541476285905228e+05 6.663682538626561806e-22
1.205881489645958645e+05 6.624127523399812545e-22
1.209221503006012063e+05 6.584989530011786800e-22
1.212561516366065480e+05 6.546262972767056629e-22
1.215901529726118897e+05 6.507942355541697529e-22
1.219241543086172314e+05 6.470022270118392535e-22
1.222581556446225877e+05 6.432497394556605537e-22
1.225921569806279294e+05 6.395362491597032958e-22
1.229261583166332712e+05 6.358612407099475205e-22
1.232601596526386129e+05 6.322242068513392504e-22
1.235941609886439546e+05 6.286246483380363656e-22
1.239281623246492964e+05 6.250620737867724541e-22
1.242621636606546381e+05 6.215359995332601149e-22
1.245961649966599798e+05 6.180459494915754081e-22
1.249301663326653361e+05 6.145914550164395700e-22
1.252641676686706778e+05 6.111720547683455186e-22
1.255981690046760195e+05 6.077872945814519428e-22
1.259321703406813613e+05 6.044367273341906206e-22
1.262661716766867030e+05 6.011199128225184115e-22
1.266001730126920447e+05 5.978364176357578757e-22
1.269341743486973864e+05 5.945858150349666168e-22
1.272681756847027282e+05 5.913676848337731876e-22
1.276021770207080990e+05 5.881816132816343261e-22
1.279361783567134407e+05 5.850271929494456255e-22
1.282701796927187825e+05 5.819040226174624739e-22
1.286041810287241242e+05 5.788117071654765318e-22
1.289381823647294659e+05 5.757498574651948991e-22
1.292721837007348076e+05 5.727180902747741972e-22
1.296061850367401494e+05 5.697160281354631125e-22
1.299401863727454911e+05 5.667432992703024311e-22
1.302741877087508328e+05 5.637995374848419393e-22
1.306081890447561891e+05 5.608843820698232214e-22
1.309421903807615308e+05 5.579974777057926189e-22
1.312761917167668580e+05 5.551384743695917831e-22
1.316101930527721997e+05 5.523070272426954471e-22
1.319441943887775415e+05 5.495027966213468576e-22
1.322781957247828832e+05 5.467254478284561655e-22
1.326121970607882249e+05 5.439746511272215282e-22
1.329461983967935666e+05 5.412500816364363397e-22
1.332801997327989375e+05 5.385514192474442224e-22
1.336142010688042792e+05 5.358783485427088663e-22
1.339482024048096209e+05 5.332305587159586535e-22
1.342822037408149627e+05 5.306077434938787043e-22
1.346162050768203044e+05 5.280096010593099065e-22
1.349502064128256461e+05 5.254358339759297266e-22
1.352842077488309878e+05 5.228861491143751165e-22
1.356182090848363296e+05 5.203602575797832555e-22
1.359522104208416713e+05 5.178578746407176816e-22
1.362862117568470421e+05 5.153787196594459609e-22
1.366202130928523839e+05 5.129225160235483910e-22
1.369542144288577256e+05 5.104889910788218186e-22
1.372882157648630673e+05 5.080778760634558110e-22
1.376222171008684090e+05 5.056889060434513726e-22
1.379562184368737508e+05 5.033218198492588846e-22
1.382902197728790925e+05 5.009763600136056441e-22
1.386242211088844342e+05 4.986522727104925977e-22
1.389582224448897759e+05 4.963493076953319621e-22
1.392922237808951177e+05 4.940672182462043866e-22
1.396262251169004594e+05 4.918057611062090418e-22
1.399602264529058011e+05 4.895646964268903688e-22
1.402942277889111429e+05 4.873437877127083834e-22
1.406282291249164846e+05 4.851428017665444514e-22
1.409622304609218263e+05 4.829615086362078320e-22
1.412962317969271680e+05 4.807996815619325511e-22
1.416302331329325389e+05 4.786570969248373353e-22
1.419642344689378806e+05 4.765335341963342151e-22
1.422982358049432223e+05 4.744287758884601270e-22
1.426322371409485640e+05 4.723426075051194772e-22
1.429662384769539058e+05 4.702748174942145317e-22
1.433002398129592475e+05 4.682251972006455790e-22
1.436342411489645892e+05 4.661935408201655352e-22
1.439682424849699310e+05 4.641796453540710324e-22
1.443022438209752727e+05 4.621833105647101447e-22
1.446362451569806435e+05 4.602043389317950940e-22
1.449702464929859852e+05 4.582425356094994337e-22
1.453042478289913270e+05 4.562977083843259793e-22
1.456382491649966687e+05 4.543696676337305367e-22
1.459722505010020104e+05 4.524582262854839334e-22
1.463062518370073522e+05 4.505631997777603177e-22
1.466402531730126939e+05 4.486844060199351751e-22
1.469742545090180356e+05 4.468216653540805522e-22
1.473082558450233773e+05 4.449748005171413171e-22
1.476422571810287191e+05 4.431436366037824840e-22
1.479762585170340608e+05 4.413280010298904906e-22
1.483102598530394025e+05 4.395277234967180805e-22
1.486442611890447442e+05 4.377426359556596284e-22
1.489782625250500860e+05 4.359725725736432693e-22
1.493122638610554277e+05 4.342173696991298654e-22
1.496462651970607694e+05 4.324768658287041407e-22
1.499802665330661112e+05 4.307509015742506462e-22
1.503142678690714820e+05 4.290393196306967850e-22
1.506482692050768237e+05 4.273419647443193210e-22
1.509822705410821654e+05 4.256586836815974469e-22
1.513162718770875072e+05 4.239893251986044153e-22
1.516502732130928489e+05 4.223337400109274378e-22
1.519842745490981906e+05 4.206917807641048488e-22
1.523182758851035323e+05 4.190633020045717402e-22
1.526522772211088741e+05 4.174481601511016554e-22
1.529862785571142449e+05 4.158462134667378066e-22
1.533202798931195866e+05 4.142573220312054442e-22
1.536542812291249284e+05 4.126813477137883123e-22
1.539882825651302701e+05 4.111181541466726219e-22
1.543222839011356118e+05 4.095676066987377583e-22
1.546562852371409535e+05 4.080295724497948992e-22
1.549902865731462953e+05 4.065039201652569454e-22
1.553242879091516370e+05 4.049905202712376948e-22
1.556582892451569787e+05 4.034892448300699156e-22
1.559922905811623204e+05 4.019999675162329617e-22
1.563262919171676622e+05 4.005225635926844287e-22
1.566602932531730039e+05 3.990569098875879057e-22
1.569942945891783456e+05 3.976028847714278860e-22
1.573282959251836874e+05 3.961603681345071854e-22
1.576622972611890291e+05 3.947292413648160980e-22
1.579962985971943708e+05 3.933093873262717386e-22
1.583302999331997125e+05 3.919006903373136544e-22
1.586643012692050834e+05 3.905030361498566456e-22
1.589983026052104251e+05 3.891163119285871592e-22
1.593323039412157668e+05 3.877404062306026462e-22
1.596663052772211086e+05 3.863752089853843814e-22
1.600003066132264503e+05 3.850206114750978241e-22
1.603343079492317920e+05 3.836765063152158634e-22
1.606683092852371337e+05 3.823427874354583182e-22
1.610023106212424755e+05 3.810193500610403573e-22
1.613363119572478463e+05 3.797060906942280996e-22
1.616703132932531880e+05 3.784029070961906271e-22
1.620043146292585297e+05 3.771096982691491628e-22
1.623383159652638715e+05 3.758263644388106711e-22
1.626723173012692132e+05 3.745528070370883262e-22
1.630063186372745549e+05 3.732889286850973747e-22
1.633403199732798967e+05 3.720346331764259702e-22
1.636743213092852384e+05 3.707898254606731748e-22
1.640083226452905801e+05 3.695544116272502231e-22
1.643423239812959218e+05 3.683282988894414775e-22
1.646763253173012636e+05 3.671113955687178320e-22
1.650103266533066053e+05 3.659036110793008728e-22
1.653443279893119470e+05 3.647048559129720121e-22
1.656783293253172887e+05 3.635150416241204815e-22
1.660123306613226305e+05 3.623340808150311273e-22
1.663463319973279722e+05 3.611618871214002039e-22
1.666803333333333139e+05 3.599983751980839627e-22
1.670143346693386848e+05 3.588434607050663057e-22
1.673483360053440265e+05 3.576970602936509584e-22
1.676823373413493682e+05 3.565590915928675365e-22
1.680163386773547099e+05 3.554294731960896237e-22
1.683503400133600517e+05 3.543081246478640157e-22
1.686843413493653934e+05 3.531949664309426199e-22
1.690183426853707351e+05 3.520899199535172919e-22
1.693523440213760769e+05 3.509929075366518259e-22
1.696863453573814477e+05 3.499038524019088424e-22
1.700203466933867894e+05 3.488226786591689864e-22
1.703543480293921311e+05 3.477493112946351489e-22
1.706883493653974729e+05 3.466836761590246259e-22
1.710223507014028146e+05 3.456256999559402351e-22
1.713563520374081563e+05 3.445753102304209535e-22
1.716903533734134980e+05 3.435324353576678459e-22
1.720243547094188398e+05 3.424970045319418489e-22
1.723583560454241815e+05 3.414689477556301226e-22
1.726923573814295232e+05 3.404481958284807319e-22
1.730263587174348650e+05 3.394346803369991234e-22
1.733603600534402067e+05 3.384283336440061617e-22
1.736943613894455484e+05 3.374290888783539649e-22
1.740283627254508901e+05 3.364368799247970456e-22
1.743623640614562319e+05 3.354516414140173011e-22
1.746963653974615736e+05 3.344733087127964104e-22
1.750303667334669153e+05 3.335018179143393527e-22
1.753643680694722862e+05 3.325371058287399727e-22
1.756983694054775988e+05 3.315791099735916493e-22
1.760323707414829696e+05 3.306277685647362956e-22
1.763663720774882822e+05 3.296830205071524443e-22
1.767003734134936531e+05 3.287448053859790315e-22
1.770343747494990239e+05 3.278130634576719178e-22
1.773683760855043365e+05 3.268877356412917354e-22
1.777023774215097073e+05 3.259687635099207574e-22
1.780363787575150200e+05 3.250560892822070968e-22
1.783703800935203908e+05 3.241496558140327555e-22
1.787043814295257034e+05 3.232494065903051473e-22
1.790383827655310743e+05 3.223552857168681450e-22
1.793723841015363869e+05 3.214672379125334513e-22
1.797063854375417577e+05 3.205852085012270741e-22
1.800403867735470994e+05 3.197091434042510940e-22
1.803743881095524412e+05 3.188389891326592200e-22
1.807083894455577829e+05 3.179746927797417131e-22
1.810423907815631246e+05 3.171162020136212764e-22
1.813763921175684663e+05 3.162634650699547400e-22
1.817103934535738081e+05 3.154164307447420914e-22
1.820443947895791498e+05 3.145750483872377750e-22
1.823783961255845206e+05 3.137392678929666097e-22
1.827123974615898333e+05 3.129090396968373665e-22
1.830463987975952041e+05 3.120843147663580507e-22
1.833804001336005167e+05 3.112650445949470567e-22
1.837144014696058875e+05 3.104511811953403845e-22
1.840484028056112002e+05 3.096426770930942120e-22
1.843824041416165710e+05 3.088394853201787804e-22
1.847164054776218836e+05 3.080415594086641551e-22
1.850504068136272545e+05 3.072488533844963599e-22
1.853844081496326253e+05 3.064613217613615312e-22
1.857184094856379379e+05 3.056789195346370594e-22
1.860524108216433087e+05 3.049016021754272714e-22
1.863864121576486214e+05 3.041293256246865233e-22
1.867204134936539922e+05 3.033620462874210979e-22
1.870544148296593048e+05 3.025997210269762080e-22
1.873884161656646756e+05 3.018423071594005357e-22
1.877224175016699883e+05 3.010897624478933381e-22
1.880564188376753591e+05 3.003420450973243864e-22
1.883904201736807008e+05 2.995991137488353908e-22
1.887244215096860426e+05 2.988609274745143058e-22
1.890584228456913843e+05 2.981274457721434092e-22
1.893924241816967260e+05 2.973986285600226136e-22
1.897264255177020677e+05 2.966744361718620841e-22
1.900604268537074095e+05 2.959548293517479251e-22
1.903944281897127512e+05 2.952397692491757171e-22
1.907284295257181220e+05 2.945292174141541119e-22
1.910624308617234346e+05 2.938231357923750089e-22
1.913964321977288055e+05 2.931214867204506872e-22
1.917304335337341181e+05 2.924242329212160123e-22
1.920644348697394889e+05 2.917313374990956725e-22
1.923984362057448016e+05 2.910427639355343267e-22
1.927324375417501724e+05 2.903584760844896652e-22
1.930664388777554850e+05 2.896784381679863606e-22
1.934004402137608558e+05 2.890026147717318975e-22
1.937344415497662267e+05 2.883309708407900007e-22
1.940684428857715393e+05 2.876634716753152363e-22
1.944024442217769101e+05 2.870000829263432846e-22
1.947364455577822227e+05 2.863407705916397992e-22
1.950704468937875936e+05 2.856855010116041854e-22
1.954044482297929062e+05 2.850342408652295670e-22
1.957384495657982770e+05 2.843869571661167321e-22
1.960724509018035897e+05 2.837436172585414464e-22
1.964064522378089605e+05 2.831041888135748984e-22
1.967404535738143022e+05 2.824686398252561488e-22
1.970744549098196439e+05 2.818369386068158784e-22
1.974084562458249857e+05 2.812090537869497889e-22
1.977424575818303274e+05 2.805849543061427853e-22
1.980764589178356691e+05 2.799646094130417760e-22
1.984104602538410109e+05 2.793479886608757286e-22
1.987444615898463526e+05 2.787350619039242497e-22
1.990784629258517234e+05 2.781257992940336078e-22
1.994124642618570360e+05 2.775201712771765784e-22
1.997464655978624069e+05 2.769181485900596851e-22
2.000804669338677195e+05 2.763197022567747339e-22
2.004144682698730903e+05 2.757248035854933225e-22
2.007484696058784029e+05 2.751334241652069126e-22
2.010824709418837738e+05 2.745455358625068219e-22
2.014164722778890864e+05 2.739611108184096838e-22
2.017504736138944572e+05 2.733801214452208523e-22
2.020844749498998281e+05 2.728025404234421939e-22
2.024184762859051407e+05 2.722283406987175886e-22
2.027524776219105115e+05 2.716574954788190098e-22
2.030864789579158241e+05 2.710899782306726643e-22
2.034204802939211950e+05 2.705257626774221847e-22
2.037544816299265076e+05 2.699648227955309412e-22
2.040884829659318784e+05 2.694071328119208418e-22
2.044224843019371910e+05 2.688526672011495940e-22
2.047564856379425619e+05 2.683014006826225732e-22
2.050904869739479036e+05 2.677533082178414609e-22
2.054244883099532453e+05 2.672083650076885233e-22
2.057584896459585871e+05 2.666665464897447446e-22
2.060924909819639288e+05 2.661278283356436010e-22
2.064264923179692705e+05 2.655921864484568087e-22
2.067604936539746122e+05 2.650595969601154297e-22
2.070944949899799540e+05 2.645300362288628583e-22
2.074284963259852957e+05 2.640034808367398739e-22
2.077624976619906374e+05 2.634799075871019033e-22
2.080964989979960083e+05 2.629592935021687732e-22
2.084305003340013209e+05 2.624416158206040850e-22
2.087645016700066917e+05 2.619268519951247764e-22
2.090985030060120043e+05 2.614149796901436917e-22
2.094325043420173752e+05 2.609059767794384815e-22
2.097665056780226878e+05 2.603998213438517253e-22
2.101005070140280586e+05 2.598964916690194528e-22
2.104345083500334295e+05 2.593959662431285358e-22
2.107685096860387421e+05 2.588982237547014459e-22
2.111025110220441129e+05 2.584032430904090821e-22
2.114365123580494255e+05 2.579110033329110592e-22
2.117705136940547964e+05 2.574214837587227964e-22
2.121045150300601090e+05 2.569346638361092666e-22
2.124385163660654798e+05 2.564505232230039014e-22
2.127725177020707924e+05 2.559690417649553312e-22
2.131065190380761633e+05 2.554901994930974949e-22
2.134405203740815050e+05 2.550139766221463154e-22
2.137745217100868467e+05 2.545403535484201198e-22
2.141085230460921885e+05 2.540693108478851686e-22
2.144425243820975302e+05 2.536008292742248358e-22
2.147765257181028719e+05 2.531348897569324870e-22
2.151105270541082136e+05 2.526714733994282899e-22
2.154445283901135554e+05 2.522105614771980780e-22
2.157785297261188971e+05 2.517521354359566173e-22
2.161125310621242388e+05 2.512961768898311380e-22
2.164465323981296096e+05 2.508426676195691290e-22
2.167805337341349223e+05 2.503915895707664917e-22
2.171145350701402931e+05 2.499429248521176993e-22
2.174485364061456057e+05 2.494966557336881489e-22
2.177825377421509766e+05 2.490527646452052282e-22
2.181165390781562892e+05 2.486112341743721389e-22
2.184505404141616600e+05 2.481720470652018456e-22
2.187845417501670308e+05 2.477351862163694555e-22
2.191185430861723435e+05 2.473006346795866980e-22
2.194525444221777143e+05 2.468683756579942243e-22
2.197865457581830269e+05 2.464383925045744553e-22
2.201205470941883978e+05 2.460106687205822495e-22
2.204545484301937104e+05 2.455851879539956483e-22
2.207885497661990812e+05 2.451619339979843481e-22
2.211225511022043938e+05 2.447408907893961337e-22
2.214565524382097647e+05 2.443220424072624018e-22
2.217905537742151064e+05 2.439053730713208938e-22
2.221245551102204481e+05 2.434908671405562489e-22
2.224585564462257898e+05 2.430785091117563562e-22
2.227925577822311316e+05 2.426682836180888308e-22
2.231265591182364733e+05 2.422601754276917843e-22
2.234605604542418150e+05 2.418541694422818043e-22
2.237945617902471568e+05 2.414502506957789553e-22
2.241285631262524985e+05 2.410484043529480011e-22
2.244625644622578402e+05 2.406486157080548618e-22
2.247965657982632110e+05 2.402508701835388225e-22
2.251305671342685237e+05 2.398551533287017160e-22
2.254645684702738945e+05 2.394614508184108354e-22
2.257985698062792071e+05 2.390697484518177859e-22
2.261325711422845779e+05 2.386800321510921960e-22
2.264665724782898906e+05 2.382922879601702384e-22
2.268005738142952614e+05 2.379065020435176343e-22
2.271345751503006322e+05 2.375226606849068571e-22
2.274685764863059449e+05 2.371407502862089592e-22
2.278025778223113157e+05 2.367607573661993637e-22
2.281365791583166283e+05 2.363826685593768219e-22
2.284705804943219991e+05 2.360064706147967585e-22
2.288045818303273118e+05 2.356321503949177827e-22
2.291385831663326826e+05 2.352596948744614115e-22
2.294725845023379952e+05 2.348890911392854760e-22
2.298065858383433660e+05 2.345203263852692824e-22
2.301405871743487078e+05 2.341533879172131145e-22
2.304745885103540495e+05 2.337882631477489732e-22
2.308085898463593912e+05 2.334249395962642002e-22
2.311425911823647330e+05 2.330634048878385488e-22
2.314765925183700747e+05 2.327036467521911762e-22
2.318105938543754164e+05 2.323456530226414122e-22
2.321445951903807581e+05 2.319894116350809072e-22
2.324785965263860999e+05 2.316349106269571116e-22
2.328125978623914416e+05 2.312821381362681341e-22
2.331465991983968124e+05 2.309310824005702482e-22
2.334806005344021250e+05 2.305817317559950381e-22
2.338146018704074959e+05 2.302340746362782051e-22
2.341486032064128085e+05 2.298880995717999880e-22
2.344826045424181793e+05 2.295437951886356461e-22
2.348166058784234920e+05 2.292011502076168029e-22
2.351506072144288628e+05 2.288601534434029001e-22
2.354846085504341754e+05 2.285207938035646410e-22
2.358186098864395462e+05 2.281830602876755214e-22
2.361526112224449171e+05 2.278469419864150684e-22
2.364866125584502297e+05 2.275124280806812013e-22
2.368206138944556005e+05 2.271795078407139708e-22
2.371546152304609132e+05 2.268481706252265400e-22
2.374886165664662840e+05 2.265184058805480603e-22
2.378226179024715966e+05 2.261902031397752473e-22
2.381566192384769674e+05 2.258635520219335005e-22
2.384906205744823092e+05 2.255384422311468163e-22
2.388246219104876509e+05 2.252148635558172932e-22
2.391586232464929926e+05 2.248928058678142755e-22
2.394926245824983343e+05 2.245722591216712086e-22
2.398266259185036761e+05 2.242532133537918984e-22
2.401606272545090178e+05 2.239356586816664093e-22
2.404946285905143595e+05 2.236195853030937334e-22
2.408286299265197013e+05 2.233049834954147569e-22
2.411626312625250430e+05 2.229918436147519974e-22
2.414966325985304138e+05 2.226801560952596856e-22
2.418306339345357264e+05 2.223699114483797242e-22
2.421646352705410973e+05 2.220611002621076154e-22
2.424986366065464099e+05 2.217537132002653470e-22
2.428326379425517807e+05 2.214477410017826009e-22
2.431666392785570933e+05 2.211431744799858147e-22
2.435006406145624642e+05 2.208400045218943422e-22
2.438346419505677768e+05 2.205382220875254071e-22
2.441686432865731476e+05 2.202378182092051696e-22
2.445026446225785185e+05 2.199387839908886322e-22
2.448366459585838311e+05 2.196411106074855171e-22
2.451706472945892019e+05 2.193447893041946545e-22
2.455046486305945145e+05 2.190498113958444361e-22
2.458386499665998854e+05 2.187561682662413089e-22
2.461726513026051980e+05 2.184638513675247115e-22
2.465066526386105688e+05 2.181728522195286391e-22
2.468406539746159106e+05 2.178831624091512494e-22
2.471746553106212523e+05 2.175947735897294530e-22
2.475086566466265940e+05 2.173076774804219664e-22
2.478426579826319357e+05 2.170218658655973031e-22
2.481766593186372775e+05 2.167373305942297104e-22
2.485106606546426192e+05 2.164540635793005133e-22
2.488446619906479609e+05 2.161720567972060890e-22
2.491786633266533026e+05 2.158913022871727058e-22
2.495126646626586444e+05 2.156117921506765338e-22
2.498466659986640152e+05 2.153335185508703331e-22
2.501806673346693278e+05 2.150564737120165831e-22
2.505146686706746987e+05 2.147806499189258790e-22
2.508486700066800113e+05 2.145060395164013452e-22
2.511826713426853821e+05 2.142326349086893042e-22
2.515166726786906947e+05 2.139604285589356801e-22
2.518506740146960656e+05 2.136894129886475291e-22
2.521846753507013782e+05 2.134195807771607278e-22
2.525186766867067490e+05 2.131509245611129289e-22
2.528526780227121199e+05 2.128834370339229115e-22
2.531866793587174325e+05 2.126171109452733162e-22
2.535206806947228033e+05 2.123519391006013268e-22
2.538546820307281159e+05 2.120879143605928320e-22
2.541886833667334868e+05 2.118250296406822758e-22
2.545226847027387994e+05 2.115632779105584329e-22
2.548566860387441702e+05 2.113026521936737332e-22
2.551906873747495119e+05 2.110431455667608759e-22
2.555246887107548537e+05 2.107847511593521692e-22
2.558586900467601954e+05 2.105274621533053126e-22
2.561926913827655371e+05 2.102712717823335049e-22
2.565266927187708789e+05 2.100161733315407241e-22
2.568606940547762206e+05 2.097621601369614509e-22
2.571946953907815623e+05 2.095092255851046002e-22
2.575286967267869040e+05 2.092573631125042711e-22
2.578626980627922458e+05 2.090065662052717656e-22
2.581966993987976166e+05 2.087568283986553662e-22
2.585307007348029292e+05 2.085081432766026286e-22
2.588647020708083000e+05 2.082605044713281528e-22
2.591987034068136127e+05 2.080139056628848094e-22
2.595327047428189835e+05 2.077683405787402562e-22
2.598667060788242961e+05 2.075238029933576157e-22
2.602007074148296670e+05 2.072802867277796089e-22
2.605347087508349796e+05 2.070377856492178375e-22
2.608687100868403504e+05 2.067962936706459454e-22
2.612027114228457212e+05 2.065558047503965414e-22
2.615367127588510339e+05 2.063163128917626129e-22
2.618707140948564047e+05 2.060778121426027005e-22
2.622047154308616882e+05 2.058402965949504463e-22
2.625387167668670882e+05 2.056037603846273152e-22
2.628727181028723717e+05 2.053681976908598772e-22
2.632067194388777716e+05 2.051336027359010637e-22
2.635407207748831133e+05 2.048999697846543381e-22
2.638747221108884551e+05 2.046672931443022867e-22
2.642087234468937968e+05 2.044355671639391825e-22
2.645427247828991385e+05 2.042047862342063471e-22
2.648767261189044802e+05 2.039749447869316971e-22
2.652107274549098220e+05 2.037460372947732163e-22
2.655447287909151637e+05 2.035180582708652735e-22
2.658787301269205054e+05 2.032910022684685128e-22
2.662127314629258472e+05 2.030648638806237649e-22
2.665467327989311889e+05 2.028396377398093197e-22
2.668807341349365306e+05 2.026153185176007854e-22
2.672147354709418723e+05 2.023919009243348971e-22
2.675487368069472141e+05 2.021693797087772750e-22
2.678827381429525558e+05 2.019477496577920401e-22
2.682167394789578975e+05 2.017270055960159200e-22
2.685507408149632392e+05 2.015071423855345414e-22
2.688847421509685810e+05 2.012881549255631892e-22
2.692187434869739227e+05 2.010700381521293525e-22
2.695527448229793226e+05 2.008527870377590325e-22
2.698867461589846062e+05 2.006363965911663410e-22
2.702207474949900061e+05 2.004208618569455916e-22
2.705547488309952896e+05 2.002061779152666822e-22
2.708887501670006895e+05 1.999923398815731809e-22
2.712227515030059731e+05 1.997793429062845499e-22
2.715567528390113730e+05 1.995671821744988393e-22
2.718907541750166565e+05 1.993558529057008354e-22
2.722247555110220565e+05 1.991453503534713375e-22
2.725587568470273982e+05 1.989356698052003139e-22
2.728927581830327399e+05 1.987268065818019618e-22
2.732267595190380816e+05 1.985187560374328708e-22
2.735607608550434234e+05 1.983115135592134310e-22
2.738947621910487651e+05 1.981050745669509569e-22
2.742287635270541068e+05 1.978994345128661262e-22
2.745627648630594485e+05 1.976945888813218405e-22
2.748967661990647903e+05 1.974905331885550244e-22
2.752307675350701320e+05 1.972872629824103056e-22
2.755647688710754737e+05 1.970847738420767746e-22
2.758987702070808155e+05 1.968830613778273070e-22
2.762327715430861572e+05 1.966821212307599551e-22
2.765667728790914989e+05 1.964819490725422302e-22
2.769007742150968406e+05 1.962825406051576433e-22
2.772347755511021824e+05 1.960838915606545483e-22
2.775687768871075241e+05 1.958859977008973843e-22
2.779027782231129240e+05 1.956888548173209267e-22
2.782367795591182075e+05 1.954924587306856901e-22
2.785707808951236075e+05 1.952968052908365996e-22
2.789047822311288910e+05 1.951018903764634717e-22
2.792387835671342909e+05 1.949077098948643643e-22
2.795727849031395745e+05 1.947142597817100777e-22
2.799067862391449744e+05 1.945215360008117127e-22
2.802407875751502579e+05 1.943295345438907905e-22
2.805747889111556578e+05 1.941382514303500318e-22
2.809087902471609996e+05 1.939476827070477554e-22
2.812427915831663413e+05 1.937578244480739941e-22
2.815767929191716830e+05 1.935686727545282553e-22
2.819107942551770248e+05 1.933802237542997508e-22
2.822447955911823665e+05 1.931924736018494600e-22
2.825787969271877082e+05 1.930054184779949205e-22
2.829127982631930499e+05 1.928190545896960530e-22
2.832467995991983917e+05 1.926333781698430318e-22
2.835808009352037334e+05 1.924483854770474929e-22
2.839148022712090751e+05 1.922640727954338845e-22
2.842488036072144168e+05 1.920804364344339901e-22
2.845828049432197586e+05 1.918974727285825570e-22
2.849168062792251003e+05 1.917151780373156055e-22
2.852508076152304420e+05 1.915335487447700535e-22
2.855848089512357838e+05 1.913525812595851289e-22
2.859188102872411255e+05 1.911722720147059679e-22
2.862528116232465254e+05 1.909926174671890942e-22
2.865868129592518089e+05 1.908136140980090735e-22
2.869208142952572089e+05 1.906352584118673315e-22
2.872548156312624924e+05 1.904575469370034396e-22
2.875888169672678923e+05 1.902804762250063778e-22
2.879228183032731758e+05 1.901040428506295824e-22
2.882568196392785758e+05 1.899282434116055939e-22
2.885908209752838593e+05 1.897530745284647724e-22
2.889248223112892592e+05 1.895785328443531666e-22
2.892588236472946010e+05 1.894046150248540968e-22
2.895928249832999427e+05 1.892313177578102328e-22
2.899268263193052844e+05 1.890586377531474101e-22
2.902608276553106261e+05 1.888865717427003515e-22
2.905948289913159679e+05 1.887151164800400342e-22
2.909288303273213096e+05 1.885442687403023019e-22
2.912628316633266513e+05 1.883740253200178894e-22
2.915968329993319931e+05 1.882043830369446317e-22
2.919308343353373348e+05 1.880353387299006616e-22
2.922648356713426765e+05 1.878668892585990415e-22
2.925988370073480182e+05 1.876990315034845806e-22
2.929328383433533600e+05 1.875317623655712177e-22
2.932668396793587017e+05 1.873650787662814718e-22
2.936008410153640434e+05 1.871989776472869745e-22
2.939348423513693851e+05 1.870334559703509774e-22
2.942688436873747269e+05 1.868685107171716588e-22
2.946028450233801268e+05 1.867041388892269346e-22
2.949368463593854103e+05 1.865403375076211272e-22
2.952708476953908103e+05 1.863771036129324332e-22
2.956048490313960938e+05 1.862144342650622249e-22
2.959388503674014937e+05 1.860523265430850809e-22
2.962728517034067772e+05 1.858907775451011439e-22
2.966068530394121772e+05 1.857297843880885492e-22
2.969408543754174607e+05 1.855693442077582042e-22
2.972748557114228606e+05 1.854094541584092259e-22
2.976088570474282023e+05 1.852501114127862360e-22
2.979428583834335441e+05 1.850913131619369852e-22
2.982768597194388858e+05 1.849330566150723044e-22
2.986108610554442275e+05 1.847753389994268090e-22
2.989448623914495693e+05 1.846181575601205196e-22
2.992788637274549110e+05 1.844615095600220107e-22
2.996128650634602527e+05 1.843053922796131823e-22
2.999468663994655944e+05 1.841498030168545477e-22
3.002808677354709362e+05 1.839947390870518154e-22
3.006148690714762779e+05 1.838401978227237867e-22
3.009488704074816196e+05 1.836861765734718995e-22
3.012828717434869613e+05 1.835326727058498424e-22
3.016168730794923031e+05 1.833796836032351672e-22
3.019508744154976448e+05 1.832272066657015128e-22
3.022848757515029865e+05 1.830752393098926155e-22
3.026188770875083283e+05 1.829237789688965548e-22
3.029528784235137282e+05 1.827728230921216915e-22
3.032868797595190117e+05 1.826223691451735467e-22
3.036208810955244116e+05 1.824724146097324563e-22
3.039548824315296952e+05 1.823229569834328710e-22
3.042888837675350951e+05 1.821739937797431504e-22
3.046228851035403786e+05 1.820255225278467911e-22
3.049568864395457786e+05 1.818775407725243131e-22
3.052908877755510621e+05 1.817300460740364624e-22
3.056248891115564620e+05 1.815830360080082605e-22
3.059588904475618037e+05 1.814365081653142995e-22
3.062928917835671455e+05 1.812904601519645311e-22
3.066268931195724872e+05 1.811448895889916309e-22
3.069608944555778289e+05 1.809997941123387620e-22
3.072948957915831706e+05 1.808551713727488669e-22
3.076288971275885124e+05 1.807110190356545240e-22
3.079628984635938541e+05 1.805673347810683677e-22
3.082968997995991958e+05 1.804241163034759302e-22
3.086309011356045376e+05 1.802813613117275672e-22
3.089649024716098793e+05 1.801390675289321926e-22
3.092989038076152210e+05 1.799972326923522129e-22
3.096329051436205627e+05 1.798558545532989084e-22
3.099669064796259045e+05 1.797149308770283785e-22
3.103009078156312462e+05 1.795744594426393675e-22
3.106349091516365879e+05 1.794344380429709024e-22
3.109689104876419296e+05 1.792948644845015771e-22
3.113029118236473296e+05 1.791557365872492118e-22
3.116369131596526131e+05 1.790170521846715943e-22
3.119709144956580130e+05 1.788788091235679735e-22
3.123049158316632966e+05 1.787410052639813056e-22
3.126389171676686965e+05 1.786036384791016988e-22
3.129729185036739800e+05 1.784667066551701166e-22
3.133069198396793799e+05 1.783302076913832571e-22
3.136409211756846635e+05 1.781941394997991138e-22
3.139749225116900634e+05 1.780585000052435471e-22
3.143089238476954051e+05 1.779232871452170910e-22
3.146429251837007469e+05 1.777884988698032652e-22
3.149769265197060886e+05 1.776541331415769091e-22
3.153109278557114303e+05 1.775201879355142338e-22
3.156449291917167720e+05 1.773866612389023320e-22
3.159789305277221138e+05 1.772535510512505930e-22
3.163129318637274555e+05 1.771208553842026348e-22
3.166469331997327972e+05 1.769885722614479300e-22
3.169809345357381389e+05 1.768566997186359951e-22
3.173149358717434807e+05 1.767252358032895448e-22
3.176489372077488224e+05 1.765941785747196448e-22
3.179829385437541641e+05 1.764635261039404652e-22
3.183169398797595059e+05 1.763332764735857259e-22
3.186509412157648476e+05 1.762034277778254485e-22
3.189849425517701893e+05 1.760739781222830369e-22
3.193189438877755310e+05 1.759449256239535567e-22
3.196529452237809310e+05 1.758162684111225320e-22
3.199869465597862145e+05 1.756880046232854011e-22
3.203209478957916144e+05 1.755601324110672294e-22
3.206549492317968979e+05 1.754326499361440696e-22
3.209889505678022979e+05 1.753055553711639445e-22
3.213229519038075814e+05 1.751788468996690293e-22
3.216569532398129813e+05 1.750525227160181163e-22
3.219909545758182649e+05 1.749265810253102074e-22
3.223249559118236648e+05 1.748010200433083423e-22
3.226589572478290065e+05 1.746758379963644139e-22
3.229929585838343482e+05 1.745510331213434897e-22
3.233269599198396900e+05 1.744266036655508609e-22
3.236609612558450317e+05 1.743025478866573984e-22
3.239949625918503734e+05 1.741788640526269544e-22
3.243289639278557152e+05 1.740555504416438577e-22
3.246629652638610569e+05 1.739326053420411379e-22
3.249969665998663986e+05 1.738100270522293851e-22
3.253309679358717403e+05 1.736878138806256083e-22
3.256649692718770821e+05 1.735659641455839051e-22
3.259989706078824238e+05 1.734444761753250494e-22
3.263329719438877655e+05 1.733233483078681248e-22
3.266669732798931072e+05 1.732025788909619229e-22
3.270009746158984490e+05 1.730821662820169286e-22
3.273349759519037907e+05 1.729621088480382708e-22
3.276689772879091324e+05 1.728424049655587888e-22
3.280029786239144742e+05 1.727230530205725704e-22
3.283369799599198159e+05 1.726040514084695476e-22
3.286709812959252158e+05 1.724853985339703971e-22
3.290049826319304993e+05 1.723670928110614418e-22
3.293389839679358993e+05 1.722491326629306804e-22
3.296729853039411828e+05 1.721315165219044047e-22
3.300069866399465827e+05 1.720142428293836993e-22
3.303409879759518662e+05 1.718973100357819054e-22
3.306749893119572662e+05 1.717807166004625782e-22
3.310089906479626079e+05 1.716644609916779851e-22
3.313429919839679496e+05 1.715485416865075800e-22
3.316769933199732914e+05 1.714329571707973720e-22
3.320109946559786331e+05 1.713177059391003033e-22
3.323449959919839748e+05 1.712027864946159004e-22
3.326789973279893165e+05 1.710881973491311695e-22
3.330129986639946583e+05 1.709739370229620572e-22
3.333470000000000000e+05 1.708600040448951222e-22
